;acquisition;summarizing;scheduling;certification;reasoning;inference;check;development;authoring;navigation;optimization;failure;solving;analyzing;processing;design;detailed;training;plm;analysis;manufacturing;crawling;manufacture;creation;dissemination;recycling;review;alm;evaluation;archive;calculating;spss;fsms;whatsopt;matlab;aaa;wikipedia;solidworks;google;multilinq;tixi;tigl;oracle;prado;optimus;daedalus;excel;ceasiom;api;tr;isight;eclipse;modelcenter;sumo;git;networkx;syndeia;access;reasoner;tornado;pykechain;imagenet;ug;catia;davetools;word;rce;jade;ideas;janus;brics;quantity;taxonomy;images;bom;animations;capp;babelnet;freebase;forms;assemblies;difficulty;sweetwiki;description;cad;material;ontology;video;audio;metadata;documents;image;python;json;png;express;dwg;wav;acis;gif;igs;yawl;wrp;stl;mov;sql;jpg;solr;sysml;mpeg;xquery;postgresql;tiff;database;flash;dwf;owl;uml;add;rds;vampzero;soap;rdf;cco;bfo;xml;rvf;codex;dxf;step;cpacs;csv;multiwordnet;parasolid;cmdows;html;pdf
acquisition;0.0;0.30441438585656144;3.8218283194757556;2.078450948873787;5.923575953741688;4.405016200314068;5.435647245326956;19.457262804621447;0.9757778933467138;3.564133043865161;3.7896689665134047;5.593661368257109;6.602733892144356;2.7874383314915057;19.76834810456579;33.43604479611578;5.583933152141012;4.127539246425853;0.7144239732696633;17.531983643393502;9.649728957925273;0.02436402365513196;2.3298028553022085;2.3765479742352347;0.3769866515925263;0.10818037694810789;1.139321053205901;0.37938349658377796;0.24111687806859378;0.0;0.0;0.2847343964886817;0.021934668687491436;0.0;1.4204357497136715;0.9598912517497236;0.4871827177411465;0.17189888303953946;0.9173243670243545;0.0;0.006082315496537111;0.01564222016576944;0.5046836849574727;0.01735543487617304;0.04745194182882114;0.018112281175195238;0.7045080681353235;0.023583331531828913;3.3165070855441128;5.961771399820875;0.038435508836560134;0.7762988668790337;0.01661890103129981;0.09048268236017509;0.32161926582468847;0.0;0.0;10.604801285727008;0.031634322686213044;0.004606632151553388;0.0;0.008357453858285102;0.2283745060044869;0.0;0.0;8.832072961197362;1.7727287377003176;0.010901813449459119;0.03224129401095805;0.0;0.0;2.23774811987878;2.09591592073151;3.477078489969327;1.1164353522314672;0.11776267936752367;0.4966339250273478;0.02539183580595128;0.02168284449008031;5.7415510876398494;0.2759862142164191;0.32004453040805536;0.021329769189683427;7.522422669405286;6.843478946499526;1.398869846900041;10.07438578407598;3.3311584047150657;0.4501236667051786;0.02460731973438751;5.062022194643853;0.0038160712628960165;1.8394595945261643;0.8599010575121869;0.18788463383165557;3.125870263862639;0.021900478690157085;1.1244681613700707;0.10878118545038072;0.04237616358625732;0.7645159366834784;0.01526940016790202;0.01950685786602176;0.836136537677245;1.9518577592723505;0.2834386506354919;0.0;0.010213124740788105;1.3288174375881503;0.0071871803039238995;0.11814118721376081;0.006507102311215882;0.0;0.3394711507238703;0.0135019077614268;0.0;1.9315527482500747;0.009549395470781244;0.24201655699702027;0.08872002745292148;0.02480104829984994;0.0866242011194988;0.0;0.0;0.4921568002822246;5.525126687595626;0.0;0.014628577924855639;0.004565972047442118;1.147808768486145;0.009658342616078197;0.03327038703087479;0.015605961367365603;0.023925088201495553;0.01046618474484164;0.012833175058483633;0.6120707067871185
summarizing;0.30441438585656144;0.0;0.21953997830819588;0.04263370804447177;0.5609415531338041;0.540461987147608;0.7020449421857334;1.4168749723088363;0.05218835799671921;0.26631816751382403;0.3444212699378052;0.46602688878589504;0.5527200777764577;0.5141946248387044;1.2575894310630842;2.8925122155942407;0.5570042050928753;0.24183352622102042;0.09915519335648892;2.010850442621337;0.4693039591712812;0.0;0.18794631242144008;0.16533099670482296;0.00949934786545102;0.0;0.36886201684302633;0.03332305237642995;0.26718925026474766;0.0;0.0;0.019605700719316534;0.005040870718260002;0.0;0.11292597187670483;0.04294947058805472;0.0475252010008259;0.002749079212669808;0.1827215600858741;0.0;0.002093021444655023;0.005388819666285803;0.013016149495043447;0.0;0.013383037597968404;0.0;0.10364136661030136;0.0;0.22190484435181082;0.5894714327200633;0.0;0.029999253348847087;0.0;0.0037854897124043607;0.09753647289366726;0.0;0.0;0.9599004060895718;0.0;0.0;0.0;0.0;0.009642165981750965;0.0;0.0;1.2306099708345564;0.06827868381863161;0.0;0.0;0.0;0.0;0.23459693653801264;0.7147907277352211;0.31216290075041253;0.10635879672841958;0.0054168509749429865;0.09326432918829915;0.0;0.0;0.8233953489877538;0.023974358431144087;0.027243698051378152;0.0;0.9758464979779214;0.5881767257320037;0.014737674816762034;1.1159510446489003;0.29443037009955975;0.06783513377653454;0.005333504008192437;0.6309193516250122;0.0027777241956519127;0.1797834729641443;0.08825819687982686;0.006641488486262935;0.40664416961476724;0.0;0.09374077276173055;0.009958035656999816;0.01921326939951822;0.10289140966992044;0.0;0.0;0.0960579307333221;0.11124198174780613;0.011760241279623086;0.0021994442266736807;0.0;0.1597870306665328;0.00219896558601148;0.004499030563359142;0.008125383266863186;0.0;0.10024075226882226;0.0;0.0;0.09751556899170573;0.0;0.0;0.04240536931648144;0.0;0.0;0.0;0.0;0.03813733450654785;0.3946563854705829;0.0;0.0;0.0;0.16286012114744947;0.0;0.0;0.0;0.0;0.0;0.0;0.02716603649219996
scheduling;3.8218283194757556;0.21953997830819588;0.0;0.7819042706463629;4.080983396348018;2.2121985024726385;2.841662749046062;9.961163424560821;0.40583776498771046;1.8580939237692689;5.656672272884596;4.58502238937998;4.378454485201719;1.269740474432037;8.981301456615864;19.572767448560914;4.154893771964006;1.121070186517456;0.28389304602110593;11.292226994160517;9.51949547058759;0.023257973625598102;1.189304428005727;0.9147257202150919;0.02536108880981454;0.3712945642811294;0.9824163676773358;0.17354306449492657;0.03432627592637419;0.0;0.0;0.04466751267797031;0.0016902360723204106;0.0;0.4382674568042244;1.0999545035662113;0.2483480912420341;0.06518476886452268;0.5127487467858667;0.0;0.005719517380031825;0.01774961620172465;0.09205240825863582;0.005248494226188475;0.024064453569760565;0.013061019953975416;0.19898909956447486;0.0;1.4873056489947991;4.159514749878858;0.014980537942799493;0.7348464250937577;0.02572283992107146;0.01898608367905338;0.17162707005405384;0.02175970699446223;0.017228580422595965;7.848828160164223;0.05034398093694207;0.003090145740426663;0.0;0.0;0.37044027184928646;0.0;0.0;4.187910879984539;0.44403717571170254;0.010387403147655365;0.0024761959114745417;0.0;0.011637351602893193;1.73518696266689;0.9454197010805856;1.2705465550647883;0.8084963318016873;0.029584082990746573;0.8220250079301994;0.0;0.02643505285727147;3.513244809111854;0.2853871784670538;0.09465561396861476;0.019795189561622396;4.107318607202665;3.2319051839347246;0.9425265244623475;2.7442340818899305;1.4108332006421331;0.1076764728356785;0.020389991218919032;1.9425367681264996;0.00582716546748065;1.0258364506264397;0.5396434531124936;0.06236242831904337;2.0183357408201643;0.0034815953205251248;0.4477735891044923;0.042726851917939776;0.036466550793295374;0.2607435104573824;0.008034007624646419;0.0012892808440036348;0.4817416329217123;1.0338732622025888;0.5363162043987116;0.0;0.016629752630943483;0.47063960001231125;0.01651595799587627;0.059440383654286076;0.007876641081441647;0.037448692291280894;0.44532303194677364;0.03895446935658099;0.0;0.6919955304699105;0.0191116285661153;0.302450225659821;0.16524960641172803;0.0034149986219202716;0.0;0.0;0.0;0.1735429960166737;3.531288293962585;0.0;0.0;0.0659547299866785;0.11597135327482036;0.005945958975819191;0.024235294387660145;0.0;0.009090914407322674;0.011354110179616236;0.0062402853917367775;0.23190366333734316
certification;2.078450948873787;0.04263370804447177;0.7819042706463629;0.0;1.136795608082792;0.7242935874812011;3.0408607304642863;7.751475911386322;0.12055374274103048;0.8854856033929438;1.9014878250414893;2.505772002285573;1.40676558490882;0.7482266047985994;2.7198832338293584;14.012165414851049;2.6507898807606844;1.8345749715211734;0.1656129548665642;6.3016034716097415;3.4369338576595028;0.005795389874938897;3.722833826527903;0.7479167950842793;0.10106351615754841;0.04124071332027679;0.4214758485102203;0.10199856025991405;0.031128640318234518;0.0;0.0;0.10146700212011156;0.0035092688143878604;0.05423261445466404;0.36169741216040724;0.09368823010471868;0.1312306714139894;0.21171389962269732;0.18488314550749002;0.00917315387069111;0.0021694219853768747;0.008399596924495786;0.11087787269422332;0.004111641902504804;0.05644513058472554;0.0037111947431397166;0.0725445949052141;0.0;0.8817290311389223;3.607255036843193;0.004974139521864808;0.17916995436936353;0.031075489389982093;0.01897026336845803;0.3093319675330814;0.002982312168552502;0.02526187034191383;3.5681340127596153;0.004039621004377494;0.002212411038666573;0.008786817010782454;0.0;0.46895047599726997;0.003349430674478923;0.0;2.3733026579023835;0.6443618315539374;0.0;0.006475374835897765;0.0;0.006008634603393458;1.1355138610995945;0.7157621652374305;0.5309196170885288;0.5027143217760909;0.07986121025824713;0.15481410305516527;0.0;0.0037248404463846824;1.5653183952568535;0.257563545741353;0.14549853739350407;0.0037266764451472276;2.3666859917967447;2.524754746252591;0.11564985194658796;0.5620400784323778;0.6408386201669614;0.07506087835165098;0.00982993863139319;1.2797566272339156;0.0;0.4902626175183857;0.2300424131352877;0.08377584035042746;0.8913063528821712;0.006815015425564038;0.41547240582020895;0.03722049485727259;0.10000714876205223;0.20255875923836694;0.0;0.0;0.43258802812575;0.45881957574634863;0.1724775218922548;0.0;0.004159595587171905;0.46181502455310247;0.0;0.01946301213871126;0.0;0.04163054471218133;0.0640535317731171;0.031655714974925;0.0;0.48159795289392926;0.018275703433940485;0.1480795468203296;0.47826710020218477;0.006053031568772657;0.004612824350048707;0.0;0.0;0.12052782891673472;1.6207120461199533;0.0;0.0966141799324246;0.04264014327112208;0.0453881627387262;0.007546578788777645;0.006375674516215935;0.0;0.0;0.13159173389687673;0.09952508026146553;0.09496679901690358
reasoning;5.923575953741688;0.5609415531338041;4.080983396348018;1.136795608082792;0.0;17.886343185145048;8.251462682473205;14.30170467279168;0.8047078792526211;2.355304594667113;5.452081048637816;6.788341137108237;10.44913112237595;4.221079551487233;16.50039791610897;34.78509080513952;6.015090338640874;2.7021939072482075;1.0892155590495314;14.973662808127964;7.977157303045409;0.07076459737649085;1.5518439468283316;1.743296246620708;0.06146627904328233;0.04865126633048732;0.9526770827530079;0.38958186588401134;0.11193432969445441;0.02062842492517587;0.015260507615655219;0.16142633717306723;0.06525595438940114;0.0;0.746993030479422;1.5920594668602486;0.9429450032520541;0.08865092484997217;0.8167261250120973;0.014146380174561475;0.002190256023695984;0.051483485708359866;0.2808558260207634;0.005925501227168261;0.09463917906885852;0.10050378152592121;1.1519957409002;0.0;2.8782512252596995;4.346576780430044;0.00801789209267923;0.43414644365354177;0.03299689902513595;0.18342425618604666;0.3473426859919286;0.01052449380101649;0.0;8.615650309685572;0.10095843524081566;0.0;0.0;0.0031017930755041965;0.7154519310793817;0.004762498761378413;0.0;9.816271591630992;0.2080591379742643;0.030671383606587218;0.0;0.0;0.011196446364009818;2.0981318477014774;2.933449559382335;2.4838680553993404;1.2582163879160342;0.09901299834005656;0.41064054017591883;0.014445799916424692;0.012164405986720691;7.5804515596598865;0.5177769196837408;0.4015082419331209;0.012101005090718448;11.15483550498969;6.259931129209321;0.7314403191561274;16.18917415719672;2.6607042440928645;0.18336438186369436;0.0694251881954835;3.4089813186140687;0.0077741602756994915;2.108028375906025;1.120240790085146;0.16991101309537915;6.394708806730994;0.05291956107229674;0.6916906390267634;0.13063310174367554;0.0920217013920345;0.5744021601195983;0.01617115568382877;0.007604837606985939;1.66985432060254;1.1943183468719387;0.3114682316954051;0.006562776232039577;0.0;1.831132870953699;0.015860299895347534;0.05285382548103487;0.024175473851486187;0.072041828609549;0.42818090048997026;0.0029259535279524303;0.013959076140742257;2.704548782009644;0.0;0.44849458872242;0.22569165121515192;0.017151895710007102;0.0035919438273802826;0.08032193289024989;0.025540472211939846;0.6288383738996199;5.053816583678339;0.0;0.3794250747834848;0.020788029134840486;1.3489532317115995;0.0;0.10942899680906369;0.009651592463163182;0.027975967343843576;0.04448010996294004;0.0020568687426584663;0.4337725092415168
inference;4.405016200314068;0.540461987147608;2.2121985024726385;0.7242935874812011;17.886343185145048;0.0;6.383084329084493;9.632675724348626;0.7378673342983527;1.31636523467204;3.6863581969815447;4.335621047593888;6.893516608169138;2.535989743384085;8.890014187083958;20.314292367038092;4.04617725511206;2.755540851747702;0.854021760077979;11.782493829230683;4.54294415871011;0.04626755673973522;0.6687602563473013;1.053570740372079;0.04716544826009152;0.025066278244295026;0.8498851238720413;0.2307974543571263;0.11767100381183468;0.013570632358703896;0.00547996624351191;0.07799214222533662;0.005915399551262303;0.0;0.9421409757453757;0.7107199500014928;0.4809116076830865;0.06245829798063879;0.8919866508783102;0.0;0.0;0.030861329862481454;0.1540957591949072;0.007010513136813953;0.02813803913672169;0.009805335357886892;0.4509073434594327;0.0;1.9515606635676401;3.5064149818634123;0.01036259171440505;0.7574736935026516;0.004587349021359836;0.07184926143725615;0.3079311986009973;0.0;0.019045028063583717;7.178533656388127;0.37547434702126836;0.0;0.0;0.0;0.7579927944792452;0.0;0.0;7.603203709698279;0.3356898253574854;0.00591519257074994;0.0;0.0;0.0;1.7015517065972416;3.218351896051417;1.942289216439931;0.7466479924377675;0.07681503430029518;0.22839645545548123;0.011646819280339489;0.01608307455427813;5.426703385913561;0.26199802261867106;0.24266537525784904;0.015937393387910583;8.242550687352603;4.498505067060717;0.5985601774346846;14.430840619005986;1.660847073549486;0.07769254893768776;0.03329146855635686;3.253320110519428;0.0;2.1499919816578243;0.7745832349430476;0.35889104203395544;4.563352551147341;0.03372233483267757;0.992871706746566;0.08174934910165668;0.05922611863200538;0.2980235684509606;0.01051118591209064;0.013008972781166096;0.798789987949939;0.7132580239667732;0.3378036815336088;0.011055408270167032;0.0;0.8021498707585665;0.01549214114412655;0.024539611387914516;0.02468947656333878;0.08101001118087518;0.623667362882527;0.0024879009031086893;0.00864352340338151;1.4279414737616314;0.0;0.3462217388919595;0.15087531941515991;0.0;0.0;0.012180638428352398;0.020842381469843886;0.34140604143107617;4.348626556686333;0.0;0.3961935338643958;0.011443747550279418;1.9764970750786333;0.0;0.01801242494442152;0.008037120776774875;0.0;0.023193180352135665;0.0021286764554972588;0.2038157563903466
check;5.435647245326956;0.7020449421857334;2.841662749046062;3.0408607304642863;8.251462682473205;6.383084329084493;0.0;14.91661090528694;0.7421698509977126;2.3684105059582485;5.127177686330347;7.866937028233652;4.695496968767799;2.3372653521078424;11.813338615798436;32.53492008122017;6.836042114822658;3.283639407704297;0.8563130465657421;14.811934342549742;5.8873076251904655;0.023255138792662798;2.370262794855887;1.52230405693923;0.07578419752515188;0.07506853932107775;1.4716291366533913;0.43925291651133724;0.6042793619134832;0.00680161952238679;0.04647394123401731;0.21415669268409243;0.06143553202463569;0.02306508261618249;1.3914873865409072;0.7368007176317968;0.6037470519933603;0.08878995671555101;1.5910760778691082;0.05176930664581175;0.02037847864848056;0.335123408605429;0.22407843657666823;0.0026148102866416457;0.2337364354245167;0.10482848367219183;0.46999339489841935;0.0;3.63322516250289;8.51674166084433;0.07919785327967016;1.0520621321873003;0.2720873885176339;0.06502081984554943;0.497872583661759;0.017750753086526933;0.0;13.695331305623375;0.09259016831226621;0.009719738231534875;0.015430015960475994;0.0;0.4881134762411516;0.2886751345948129;0.027756369082668444;14.029401808051748;0.7138573424184215;0.049875466805381644;0.032009219983223994;0.020860513166591616;0.05581455721859476;3.5892626108772103;2.7370554517853596;3.217813357146748;1.153162394960493;0.15267006942978228;0.6442530843610382;0.013094570021973102;0.008426579847810967;6.892729509120903;0.4889826758519717;0.3546313924625574;0.0030055247239000925;10.970733486092488;6.361348162482752;0.5922957054416943;7.447453763892243;3.173126090039402;0.41109329695919883;0.014989996684919536;5.738356012370429;0.0;3.471743763289956;1.8950093129738363;0.3693869349740011;5.81830822136005;0.1603166482107321;1.1931352806136823;0.10002323390442935;0.10099010432748673;0.5233079100620803;0.015134208189934804;0.010937620164944128;1.2430533308751457;3.121168483566376;0.4928469259570089;0.010789540354888822;0.03186264939385831;1.4814485576142065;0.012525903524423274;0.028891091944822214;0.028326793353025244;0.0065209225253894925;1.1471385826590441;0.04091063651229534;0.0;1.241672170761814;0.0;0.5252984175447847;0.8034522807875121;0.03450327796711771;0.03072918195223615;0.0;0.0;0.39395832768912736;7.465424136348629;0.06772854614785964;0.13684714921369387;0.013289204374654886;1.8112416232657695;0.25632629769436854;0.16191914037515867;0.005904356512975529;0.02660051273415972;0.7535798914915915;0.022752887674738674;0.6619334258889478
development;19.457262804621447;1.4168749723088363;9.961163424560821;7.751475911386322;14.30170467279168;9.632675724348626;14.91661090528694;0.0;2.446159250821959;7.889843226657627;18.381474089196733;14.06880535357744;15.645040718912162;7.177016979674209;27.89574478706652;106.58954055310136;20.986217105458095;9.811799110510611;3.4796931543813825;37.30032285423314;27.249614562324304;0.0670737251866024;7.366256402868358;5.409656688510051;0.4981484718975382;0.0946889333137472;3.5974196245494996;1.4251283772823382;0.8153669224276332;0.0;0.0;0.5617116202415118;0.09157395209867285;0.07860617705026542;4.049459113935846;1.9874280363783223;1.214775167495847;0.9086287930651152;3.1965616421867558;0.3811762683281517;0.026518576139190998;0.0752002939371185;1.159552405649371;0.09267372169163737;0.6711447572609239;0.2581988897471611;1.4020164795965486;0.037011660509880265;15.823963281844959;15.434137096699148;0.10575535682350036;4.749308832152798;0.37828443198525147;0.13079017809805465;1.5158681368788238;0.22126821737901803;0.027703063158526546;28.107357166368725;0.04469769264561399;0.015973951748802794;0.278480263152761;0.0;1.9897922494016866;0.022721405353294154;0.11952286093343936;21.184870705347976;1.3739232936448467;0.11785113019775793;0.04410810913912309;0.030570892025787156;0.09811091687797999;5.3795425395204335;7.554096677959177;5.007382681307183;4.509469263129756;0.68031376144603;1.5068392241290471;0.0;0.02329996062309982;15.457545288095172;1.944800642183997;1.1594218109760737;0.018371058252118568;21.230805359435177;22.090104625372273;2.557212318073117;22.586023331515364;7.245369741256964;0.7681462990436375;0.08722325187624863;11.475335356367875;0.05455136919305208;9.128192905452812;3.0336069198656097;0.5563400255048547;10.459151245120138;0.1022005296989394;2.9184753392271268;0.24891788545277224;0.15472625597928663;1.7202357060680415;0.04481107149482209;0.014126604895553455;4.080968221929335;4.206056664993799;1.8429104553882723;0.03973159407897393;0.01250977708401336;6.114968682374919;0.11608577689101776;0.11338253641164713;0.2917299829957891;0.30365766054142723;1.2113240129592397;0.020528212319963927;0.0;3.7755670706746303;0.11043152607484653;1.1892472489820751;1.2671833285685499;0.20183155937933622;0.02398873872651183;0.0;0.0;1.5247202752216509;20.28138955015614;0.047836487323493986;0.27646280620124813;0.08866153441698962;2.1812659760950734;0.5907421921766625;0.13230596155141655;0.0;0.2824987119008364;1.7349399696849332;0.10727961166187426;2.2869097226922768
authoring;0.9757778933467138;0.05218835799671921;0.40583776498771046;0.12055374274103048;0.8047078792526211;0.7378673342983527;0.7421698509977126;2.446159250821959;0.0;0.6100396272826736;0.5241676824132961;0.3867862945341251;0.9284132193509823;0.26693990890076236;1.7772298746911657;5.401211642517007;0.8450358198586602;0.43746016179818537;0.27034407164963115;1.7889433957697218;0.9205303625184189;0.05322747594031577;0.1401792582011567;0.7022887685930634;0.22809385554838502;0.05967925474117253;0.2735450700042882;0.10287603766300113;0.0;0.01547883112963071;0.0;0.005825872335207269;0.0;0.0;0.14114402970348694;0.05846070121062643;0.1286052492502886;0.12153883121002705;0.14686334437090787;0.0;0.00210404654310159;0.001576649797926703;0.029189930277564884;0.0;0.0030455973866924165;0.010938928884083116;0.11369141698225785;0.0;0.8487370758784565;1.349454854097235;0.008494679915881945;0.13398717293261778;0.0;0.016703827619526525;0.0408388106045526;0.0;0.10206207261596577;1.9595458783339312;0.0;0.0;0.0;0.0;0.38923503277082805;0.0;0.0;2.147121862932079;0.10926715360241529;0.0;0.0;0.0;0.0;0.2568828521512755;0.6094536194230374;0.7210630512159899;0.2005746455075942;0.12459479484920484;0.02458441121560155;0.009338049201414409;0.06868028197434452;1.1197852816641876;0.07798505478692579;0.3485079117729883;0.0842151921066519;2.3785579126487733;3.0125080035450176;0.3478345369358724;1.6963422126338108;0.982316495598006;0.1512440210135773;0.0553001263609331;2.6096611443252864;0.0;0.24040116933001382;0.3553410099871914;0.04598247286715231;0.7507608841437168;0.02968556099268496;0.047873634952053386;0.11550104063068682;0.05571740142920242;0.1975127641138646;0.0;0.0;0.19716132984658574;0.5606457581789129;0.17078318336457318;0.01418637153026964;0.0;0.9896701762669524;0.012677569314990684;0.012411371694636693;0.009472823560945188;0.0;0.3250757486639963;0.0;0.0;0.2883883223632417;0.0;0.0;0.07435297098696929;0.0;0.0034902791483320296;0.0;0.0;0.04941611870897752;2.1366482359319825;0.0;0.0;0.1451270076646664;0.15727498632465292;0.0;0.0037693737181908192;0.009372025951925555;0.0;0.0;0.0;0.3025441138789217
navigation;3.564133043865161;0.26631816751382403;1.8580939237692689;0.8854856033929438;2.355304594667113;1.31636523467204;2.3684105059582485;7.889843226657627;0.6100396272826736;0.0;2.344586562562285;4.220557372273504;2.1222928073212923;1.2799376067884503;5.96779258409498;15.595648423228115;2.4756418706282255;1.2488426950946556;0.2571176551858665;6.018840565812866;2.085762535050816;0.0430844658527238;1.2435545197756528;0.4858773189772813;0.10607942104143878;0.011331490227483414;0.31367633502923514;0.23464382487488;0.04552382251933014;0.0;0.0;0.10308360344340431;0.023902578869517684;0.0;0.9771436177551008;0.27625710527693315;0.18749416303053237;0.0670147350543855;0.6726163634377008;0.0;0.0;0.040942393324866724;0.07558458862725237;0.005970909414438291;0.012576399392864441;0.0;0.20639929419109748;0.0;1.395628112121225;4.4937902942772885;0.007017587058225039;0.3911846839894966;0.0;0.04608219644432046;0.19592798279537485;0.0;0.0;5.177102721373784;0.009275974892418803;0.0;0.0;0.004992516832922944;0.01178265855489032;0.0;0.0;3.7894507624609037;0.5287241545916448;0.005438076392295353;0.006369168362239028;0.0;0.0;0.8301491831288842;1.5228351994621887;2.343150976204863;0.6368547482912258;0.10126216980526564;0.31216488787288704;0.0;0.0;2.770038123591342;0.1395896607126182;0.15104526751599162;0.0;4.5009595956483315;1.8244267313245461;0.33264778790583527;1.7604916389423866;1.9409954395927755;0.13514643697174394;0.0;3.0320189596412908;0.0;1.2664329043824976;0.6880153379098323;0.09297439911643116;1.9644886825602752;0.008022107300911184;0.9885042579799006;0.043240041315145514;0.020002980146920455;0.3389619731175971;0.0;0.004694473538679248;0.35934947606722384;1.4753622004999738;0.2267085553185065;0.0;0.02627034687463669;0.44649386149061054;0.004345034334162458;0.015367418460698775;0.0;0.0035733433755540363;0.14453705812796952;0.04399013905362901;0.0;0.6521333399745035;0.002613193821775099;0.0;0.19047911328301464;0.006227780189793668;0.004449457026956106;0.0;0.0;0.058925883668105423;2.855939633097404;0.0;0.0;0.0;0.12902659066752104;0.0;0.09999190003652778;0.0;0.0;0.0;0.0;0.9078993397965408
optimization;3.7896689665134047;0.3444212699378052;5.656672272884596;1.9014878250414893;5.452081048637816;3.6863581969815447;5.127177686330347;18.381474089196733;0.5241676824132961;2.344586562562285;0.0;5.2615842861268725;8.627251360536482;2.2900958971036816;11.436736127161188;54.890539552888725;6.393878807097494;4.073383613115992;0.8217747710464726;22.676201329198616;10.309094489536072;0.03993436955042142;2.235718736929163;1.616234687237679;0.0843188860705292;0.05285221115476767;1.9076971038032742;0.31175535942129795;0.3665158055002386;0.0;0.03820803599504351;0.1253988241909337;0.034996465146456615;0.2949361899978805;2.187507530752221;0.6288943218406918;0.5237603129824692;0.16652246902041315;0.792560846188599;0.40096450378695003;0.19885779133936826;0.07045503620563764;0.40465096287028646;0.06107388400085208;0.551478642120923;0.007072482449833388;0.3030653093584871;0.12126781251816648;3.6137978207802823;9.771290127068045;0.12846710962655078;0.6983161602466729;0.5667525968736218;0.07693641653770703;0.6286192288237545;0.10798049693771276;0.018834429162764506;12.274330724061969;0.010373421658092801;0.027777777777777776;0.2052820653434823;0.014069165197083818;0.9006091543888579;0.08219949365267865;0.0;8.098576624361968;0.29346435988686975;0.014436764702416779;0.010060036359049115;0.0;0.06287545355305212;2.0432219005854995;2.266166739751457;2.5723075012887553;1.8046137880969924;0.16591184148718127;0.6748346078079362;0.0;0.0062740640500383495;5.795465198310957;0.3400904397628908;0.6652581126431528;0.006265314896766386;6.593254273459241;7.916233912127625;1.0180134541606336;3.475526773440095;2.309802622456085;0.07634770347026316;0.010082510066981725;2.5460685040031557;0.00823359059589065;4.176821329298074;1.2359667380030865;0.21777180301153964;3.2638184960332;0.02070446719049651;1.8484428024478592;0.029674286965269185;0.025412327265194903;0.4235858425028593;0.021262162778128115;0.0012532735568408912;1.2741908488926201;1.5740120325928935;0.43617916622824926;0.0066946578049647655;0.009063609563481378;1.0636221753052877;0.023736206567686234;0.02410158479617415;0.00959014792293893;0.03278211030521032;0.29758174503462814;0.006409878058964723;0.006262979775349057;2.1217027093240333;0.06076661377678768;0.8430246333315197;0.672764776930296;0.032831088227194896;0.002284951891815466;0.006528283034049304;0.0054621978920555425;0.1834329297142509;5.8831427880560385;0.0;0.05587727393474445;0.03275758208187133;0.3805024376018191;0.11958565357601175;0.00804524036257306;0.0;0.005292412995463242;1.0379022671893823;0.10848881615112543;0.4444592239169132
failure;5.593661368257109;0.46602688878589504;4.58502238937998;2.505772002285573;6.788341137108237;4.335621047593888;7.866937028233652;14.06880535357744;0.3867862945341251;4.220557372273504;5.2615842861268725;0.0;5.285663556762664;3.3313542698692062;11.334578781652052;32.94696468077231;5.79390707334625;2.858520668738005;0.673701062111851;23.580675147127305;10.068327128617383;0.025863222769305874;3.3438200261334794;1.502542805018172;0.18895212790357177;0.07206378132251012;1.4799445118547438;0.3822963266098584;0.18852649345374498;0.0;0.007756833872194137;0.24096904956031456;0.05641992928519693;0.0;0.9995992252145021;0.4755150264357737;0.6318965070988535;0.10116509871904217;0.7427333844444038;0.0;0.003967735896309554;0.02727543335686945;0.1508706802260559;0.016691899567792406;0.12547529254345768;0.0;0.6597322758726736;0.0;3.0943136191168636;7.586709132199937;0.01641265343874001;0.7843889520971766;0.01391488955578496;0.10185348895813101;0.32862575927464294;0.0044899062506137555;0.0;9.50781379172268;0.01427375255046952;0.001989428413491023;0.0;0.0038473492143020122;0.3610038305294229;0.004085002766875436;0.0;7.80963231420853;0.4756845404467035;0.013008972781166096;0.0080262405438213;0.0;0.010802845198366787;2.454588721099077;2.2325734573017053;2.2771952507531243;1.0655002311429667;0.1258847756956833;0.4863412937862946;0.011206284453468093;0.010822992544730264;4.024410631299275;0.6360710364191687;0.4286380451334516;0.0;8.455280230738149;6.310830091336019;0.6726377362925392;4.3564441661887665;2.141219812283583;0.14111866227153402;0.0;3.0616511546636054;0.012745318548364542;1.5544723128505904;1.012409079562704;0.21317961111470882;3.799201157139634;0.01388569608384989;1.1277756357827557;0.08443918877071001;0.09332003602591915;0.5600009702907498;0.025666350116967267;0.0012778355400104603;1.3966261909580813;2.215169913421767;0.4251275487901897;0.008037020261531738;0.015791661046371634;1.3610688278937138;0.012343799178648546;0.012914689969478269;0.0;0.04641595684987568;0.07180462129176454;0.13950379068769517;0.0;1.1939702047150598;0.04351731754276907;0.18975674415475952;0.7108526600021957;0.025533349002589984;0.060522753266880246;0.0;0.0;0.48024755739260666;4.276247413792413;0.0;0.09973993006861653;0.021837243264858686;0.5330387895525485;0.012690976289686472;0.025086345063923987;0.005696549391872194;0.015320168487583163;0.03487731276891978;0.007976551497926348;0.2715819318487228
solving;6.602733892144356;0.5527200777764577;4.378454485201719;1.40676558490882;10.44913112237595;6.893516608169138;4.695496968767799;15.645040718912162;0.9284132193509823;2.1222928073212923;8.627251360536482;5.285663556762664;0.0;3.425170302704187;10.786484281486889;38.093494653362704;5.594435530972533;2.69971430044016;0.547280172831263;14.740362914584578;7.46338317296517;0.04619590380292235;1.5158108645437922;1.715658340446111;0.06275496983357202;0.06207341028587966;1.2455700765445028;0.3242484806588425;0.2953214324736909;0.0;0.017347417443674195;0.3289438646834326;0.029063473914923248;0.0;1.1573460405505773;1.1197346799615748;0.3829333837064132;0.1259074582483446;0.9538218526736224;0.06495698024616309;0.016817167889284845;0.04521096060212934;0.14581939622254847;0.0027425477382384362;0.06031183968210144;0.01643472006432494;0.6101162384656069;0.015142826857233714;2.0313958334071187;8.306265704982684;0.037054633168913505;0.5908040948596346;0.04327400515830092;0.038562724273193315;0.39398088015307636;0.01759016513288111;0.0;9.031645467622134;0.057567164988702436;0.005676780661382962;0.007932012604549147;0.012838462075170039;0.6600281424350368;0.008620369344188776;0.0;8.091403713917725;0.4073130111660996;0.03363363969981562;0.01067886177088331;0.0;0.010823626487770476;2.0031023827598573;2.5664632239226854;1.9988746906680717;0.9436378277210216;0.14803646962158604;0.4374620130031537;0.0;0.05835114841016082;5.657577027965418;0.39339247553741746;0.4399795367151559;0.03793216209054408;7.462766646499923;5.508972246850526;0.5771578240471936;5.294587656311641;2.379936502166873;0.16456987007625387;0.02196087908240456;3.4044005561871256;0.005523597501895708;2.2546890340946026;0.7342517301308429;0.12027802385369646;4.08131548565661;0.014149639797284862;1.3262943141354853;0.07421524561654208;0.08862033124468922;0.45862745156787876;0.045457989230762594;0.016859786954334186;0.9278366865899315;1.0556023160136545;0.2634429180296685;0.005993723921604785;0.0;0.9034244412073701;0.020328321827925842;0.03302930293737672;0.010520779993250974;0.006042764902604735;0.25439185708701795;0.002048290311748622;0.0;1.6143143325547635;0.00564009423096951;0.3950765163829128;0.12275668888314636;0.015876770283844256;0.0016741027116256352;0.0;0.0;0.6969305650616189;4.164589346745667;0.013019994534207442;0.03194167572393862;0.01037071299726698;1.4589527903493764;0.010236642538758027;0.12106368830391832;0.0;0.022071062996158058;0.16644590677873863;0.0040099307374293815;0.48632800196777726
analyzing;2.7874383314915057;0.5141946248387044;1.269740474432037;0.7482266047985994;4.221079551487233;2.535989743384085;2.3372653521078424;7.177016979674209;0.26693990890076236;1.2799376067884503;2.2900958971036816;3.3313542698692062;3.425170302704187;0.0;6.260239630490183;17.146536096840663;3.283859578028328;1.5301766735077962;0.4440548518008532;9.87926686290224;3.8772600636252266;0.008124935051249574;0.7880095380145262;0.7601540748872941;0.02863471223044798;0.019104017997521754;1.005711076666113;0.3936255529852483;0.2867641120918094;0.0;0.007050825744115027;0.14474852531440593;0.053515658311585466;0.0;1.0667209697485136;0.4165015443261086;0.34226016598596554;0.027374980632371242;0.520625088415041;0.023032671985243936;0.009195620984470755;0.029125976319189624;0.122375923689249;0.015147390398147881;0.048134783593403604;0.0;0.1863469818541623;0.0;1.4713238566108982;2.34086129570852;0.009881152778812536;0.1682665599024714;0.014823516115925996;0.0020705975253480905;0.1393080445018226;0.0037598501985207956;0.0;4.444036074267637;0.011940227616533792;0.0;0.0;0.005426933849156618;0.4186655636473985;0.005623926942874066;0.0;5.172179630214569;0.4513856459428246;0.01802167508802219;0.0;0.0;0.0022292679352043923;1.2016392951602621;0.9885196269479768;1.2770434623540805;0.8944224521013696;0.1346622657488249;0.1807922913586735;0.0;0.0;3.1011613383220915;0.1697791990932617;0.19536192901119548;0.0;4.199712546873679;2.561121757513532;0.6584995871413827;3.590310784313909;1.9586537994877824;0.07420595083835763;0.010752979186673128;2.6124051765492378;0.012551092808470124;1.7725722598917197;0.8881082682232583;0.06315952324438939;2.5462780859502625;0.008013236578489642;0.6991935416898687;0.0367881294350749;0.038194933919723915;0.18669408656540604;0.0;0.0014576903262375118;0.5697585762249662;1.1739727319239617;0.24754801360396933;0.0033404300064911767;0.0;0.6416894966769894;0.02711630722733202;0.0050309092706081835;0.012645823153971211;0.0;0.10473717815056632;0.0;0.0;1.1156544549515595;0.0;0.172955979099242;0.1509528713991133;0.012806691799366832;0.0023848898885388374;0.0;0.0;0.07084238112089405;2.173399394612598;0.0;0.009165163687725467;0.0;0.3956615996356582;0.0;0.05658980741706943;0.0;0.001957112060229845;0.016795918476037064;0.0;0.23547565821253666
processing;19.76834810456579;1.2575894310630842;8.981301456615864;2.7198832338293584;16.50039791610897;8.890014187083958;11.813338615798436;27.89574478706652;1.7772298746911657;5.96779258409498;11.436736127161188;11.334578781652052;10.786484281486889;6.260239630490183;0.0;49.67807786614991;10.985948951777331;4.93688020138767;1.3025588704721667;33.05761158526896;17.015689826969552;0.1435134593528077;3.3763286074898806;4.575479144749436;0.7282762049078452;0.15636249325511914;2.022984963863871;0.8425419923657069;0.42909193556777236;0.11142355084947649;0.0;0.4134679868628319;0.061111286874026734;0.0;2.6300559968384647;1.6571466440476732;1.3585703916244731;0.4108380875575148;2.6347278194343065;0.03202563076101743;0.05386073765206603;0.08509132629407173;0.8823192938289883;0.014493887382347262;0.273177045382388;0.04218245406095978;1.243035753390132;0.04950737714883372;6.818670734261081;11.84996747900055;0.06613115127350136;1.2576392203383724;0.18695946153510432;0.11459201205960493;1.370497132889482;0.01176714914274736;0.01895926239286929;24.008032431338883;0.26272084149661534;0.006838416165518485;0.021652326748721033;0.04038961958610097;0.8805463774147926;0.008382373969649658;0.01837415911436567;23.96266130121423;0.559530945445425;0.12909944487358055;0.01761174884190867;0.01588703178380234;0.0987041657702625;4.367467903584411;4.162597202964277;7.922599963808237;2.0532646402611507;0.2647492798565785;1.0077268937249813;0.013427960881291646;0.038957572771660384;12.413689796951399;1.1772387888988503;0.3358865684322982;0.021393127492027906;17.152635703807455;10.861750015410172;2.2118181155456798;12.406865750737222;9.913135473730017;0.3390746382721982;0.03716943409411584;10.227365897357453;0.061798577651065695;8.45023785011882;4.205629747884325;0.5872449089007796;8.91269555777695;0.22201502615487342;2.541737902189943;0.15690876329698555;0.33518670040244253;1.039457493042448;0.09857913633386173;0.006883468379703342;1.489473051403371;3.829819364932648;1.432122840429053;0.01886744898768406;0.04751143381455799;1.8099457299219426;0.045170738046189714;0.861992290440573;0.02783421215446786;0.061989752066949885;1.2238852981793078;0.050098444636374445;0.011757385222540735;3.4550113762306736;0.0063362247195632385;0.8081992595490267;0.739706206311437;0.04314056578714143;0.005905809728120154;0.04120428217151646;0.03560094272544522;0.8505109125890841;20.140111528056185;0.0;0.032635269914955495;0.03351939841027217;2.817933746073205;0.29645153112102396;0.1162814185456454;0.030414953233623677;0.05317871369719172;0.38977151694113377;0.036809111837105696;1.4021039538081728
design;33.43604479611578;2.8925122155942407;19.572767448560914;14.012165414851049;34.78509080513952;20.314292367038092;32.53492008122017;106.58954055310136;5.401211642517007;15.595648423228115;54.890539552888725;32.94696468077231;38.093494653362704;17.146536096840663;49.67807786614991;0.0;51.49051403857062;17.56470002784624;4.866244727151159;86.87954387253033;75.14742741781139;0.1259244287237567;19.156835483055616;9.60928470662285;0.6665184761130339;0.3819898750285438;5.172277911086866;1.3505651910582892;2.1179534977350065;0.11033184608590361;0.09225417410562924;1.2743494845072965;0.19457286106040628;0.282842712474619;6.416310009942925;3.3192090046346268;2.1835982993542604;1.8166774539639243;5.973971897036927;0.3212465066065647;0.2778821546875642;0.20577172133737473;1.1132281424525452;0.24755407160354181;0.7441315304657339;0.2886751345948129;2.3741950105887786;0.12216944435630522;18.740776915634765;22.739075350411476;0.26619657196122243;3.9983016499800836;0.8421207069933165;0.5736156757838123;2.943239506120799;0.1657735902148815;0.06788442333021306;57.40838657367265;0.1308758990252949;0.1;0.23448077526589256;0.014810345974463518;2.455501674942324;0.0842151921066519;0.0;55.93319227323075;2.3193187184845043;0.01761448082809464;0.24253562503633297;0.0;0.251259453814803;12.118829318249832;16.7053029569494;11.429853514865677;10.173918760173695;0.8757990554019883;3.139484381941322;0.009490297571522038;0.0819636721230799;26.600049348454142;5.904619415798277;3.089573437166821;0.04885319687460315;46.34420598617564;47.08115273233736;4.585478407205913;35.77128197720366;15.313063751900126;0.9202697276369053;0.1594777590681018;26.407951508702737;0.1403053132851268;14.602548294929946;6.855116810372673;1.1504283852876767;21.121944456372553;0.5248015501197016;5.454173262543162;0.3312212152481414;0.377267534967277;2.8884118155986953;0.5276310465489715;0.007149608685814345;8.244187722388686;7.681811092227867;2.6342895794748777;0.03731345989120135;0.008795649692010502;9.787685321717428;0.1104698157830749;0.11459666211681567;0.23570226039551587;0.26767767434217205;2.576896676976465;0.0404264235092581;0.041666666666666664;7.450294311036668;0.17909628976768127;2.4299200285866607;1.7652729784647954;0.617838378881842;0.08257008599193166;0.052999894000318;0.2;2.4876728344519456;40.30924995353007;0.20851441405707477;0.3661213232007813;0.231897716847134;3.737974080105188;1.204775796197074;0.2469627919968023;0.021491713855208944;0.11572551443035554;2.853443864668965;0.39673056074064783;2.951395527829556
