,design,system design,analysis,development,evaluation,review,processing,concept design,system integration,detailed,knowledge engineering,product design,information search,optimization,check,knowledge management,product support,creation,system specification,decision support,engine analysis,training,detailed design,failure,manufacturing,system identification,reasoning,data validation,data storage,link analysis,acquisition,test report,knowledge interaction,product data management,knowledge capture,inference,information classification,data visualization,semantic representation,resource description,information sharing,manufacture,navigation,feature processing,preliminary design,mission analysis,configuration management,knowledge classification,knowledge base building,scheduling,project planning,ground test,system synthesis,archive,knowledge storage,access product design data,flight test,ontology modeling,customer service,failure management,workflow management,knowledge based engineering,knowledge discovery,multidisciplinary modeling,disciplinary analysis,knowledge exploration,product verification,business process integration,express ontology,certification,life cycle simulation,dissemination,solving,general assembly,problem solving,design space visualization,conceptual modelling,information push,ontological engineering,information clustering,calculation report,context inference,plm,nation decision,physical sensing,automated reasoning,enterprise resource planning,recycling,flight test report,structural solver,system arch,design blueprint,authoring,tooling development,mdao,manufacturing preparation,share documents,system architecting,generate fem model,semantic lexicon,airworthiness test,mdo process formulation,analyzing,summarizing,terminology recognition,design concepts formalization,multimedia document processing,interest profiling,convert file formats,alm,descriptive information generation,digital mockup,activity profiling,crawling,wf execution,calculating,software interlinking,accessory manufacture,semantic information transferring,wide body transports,knowledge systematisation,engine accessory purchase,issue tc pc ac certification,pattern analyis,processe data,access,word,expert systems,api,express application,product data management system,data mining,share point,web server,file server,google,java application,workflow systems,matlab,excel,learning tools,python application,tr,outlook,reasoner,protégé,oracle,eclipse,wikipedia,cad programming interface,triple store,catia,cloud visualization,visualization package,solidworks,rce,fortran application,sas,ideas,oracle server,modelcenter,sumo,git,spss,optimus,tornado,openmdao,imagenet,aaa,jade,tigl,brics,flops,surrogate model repository,isight,tixi,ug,eclipse plugin,jupyter notebook,pest,ceasiom,prado,proteus,inverted index,optimus workflow management tool,networkx,janus,brics technology,nextgen avionics systems,kaon,daedalus,syndeia,saxon,multilinq,fsms,vampzero element,gkn fokker,whatsopt,pykechain,texttoonto,cfview,davetools,semsearch,solidedge,swf software package rce,mopcssoviz,vivisimo,qfview web interface,cpacspy library,cad representation vdsm,description,knowledge base,system definition,material,image,section description,difficulty,ontology,quantity,measurement data,knowledge graph,manufacturing method,cad,video,metadata,taxonomy,cad representation,business logic,audio,design parts,sysml model,documents,animation,mind map,cfd code,cfd simulation data,explicit geometry,live video,word doc,bom,lexical data,images,external web page,process definitions,forms,object definitions,implicit geometry,assemblies,capp,pdf files,point clouds,tooling parts,freebase,tools needed,word processor documents,animations,babelnet,ikewiki,sweetwiki,express,python,uml,sql,aerospace ontology,sparql,sysml,owl dl,wordnet,nosql,postgresql,vba,bfo,nasa taxonomy,xquery,cmdows,topic maps,kadmos,rds,vampzero,cco,openvsp,cypher,bond graphs,codex,mdax,airspace system ontology,orbital space environment domain ontology,rvf,solr,yawl,addam,serql,fortan,multiwordnet,dtad,step,add,database,xml,owl,direct api,rdf,html,pdf,ms word,json,csv,flash,ms excel,soap,cpacs,flat file,stl,iges,vrml,acis,jpeg,dxf,txt,mpeg,png,gif,parasolid,mov,dwg,jpg,igs,tiff,postscript,wav,dwf,wrp,wmv,jpgs
design,978,931,922,912,777,758,731,729,722,693,670,657,619,590,579,572,567,554,548,541,514,503,504,491,475,458,448,447,444,444,430,397,392,384,377,374,368,363,351,342,338,334,329,320,310,305,299,287,265,264,260,253,243,235,232,227,219,214,212,210,200,199,196,182,182,171,170,169,162,162,158,138,138,132,132,128,128,124,119,113,112,110,90,89,82,79,75,69,66,64,62,62,43,43,40,39,37,37,29,27,27,25,22,18,12,12,10,10,10,10,9,7,6,6,5,4,3,2,2,2,2,1,1,1,1,827,538,429,416,348,333,278,280,267,236,224,216,208,200,175,141,137,115,99,97,94,86,80,76,67,67,66,56,48,46,38,33,32,30,30,28,25,25,23,24,21,20,19,18,17,16,15,15,13,14,13,13,12,10,10,10,10,9,8,8,8,8,7,4,4,4,4,4,4,4,3,3,3,3,2,2,2,2,2,1,1,1,1,1,1,811,802,651,627,455,454,433,394,395,389,373,333,296,270,264,261,193,180,156,90,82,80,77,69,66,63,55,55,52,50,48,44,43,38,32,30,30,22,21,18,12,9,8,5,4,3,2,1,1,629,235,198,147,137,89,83,61,40,33,31,23,21,17,17,17,16,15,14,12,11,10,10,8,6,6,5,3,4,4,4,4,3,1,1,1,865,817,711,539,236,206,197,188,164,153,137,77,79,75,72,58,44,40,38,27,25,24,19,18,18,17,16,14,12,12,10,7,6,6,5,4,1,1,1
system design,931,931,884,886,747,731,709,708,710,675,656,644,600,572,561,559,560,534,541,533,507,481,495,479,468,451,434,435,438,436,417,383,384,382,366,358,358,355,343,334,332,326,317,313,308,300,297,283,261,262,257,252,240,234,229,226,216,208,210,205,195,198,188,179,182,167,170,168,158,162,157,137,137,132,131,128,128,124,116,111,112,108,89,89,81,78,75,69,65,63,60,62,43,43,40,39,36,37,29,26,27,24,22,15,12,12,10,10,10,10,9,6,6,6,5,3,2,2,1,2,2,1,1,1,1,795,521,423,408,343,332,271,269,258,232,219,211,204,192,174,138,133,113,97,93,91,84,80,74,67,65,66,55,48,46,38,32,31,30,29,28,25,24,23,24,21,19,19,18,17,16,15,15,13,14,13,13,12,9,10,10,10,9,7,8,8,8,7,4,4,4,4,4,4,4,3,3,3,3,2,2,2,2,2,1,1,1,1,1,1,778,778,637,607,441,437,421,381,381,377,367,328,289,262,257,253,190,178,154,90,82,79,76,69,63,60,54,55,49,50,48,42,42,37,30,29,28,22,20,17,12,9,8,5,4,3,2,1,1,606,227,198,146,134,87,83,60,38,33,31,23,20,17,16,17,16,15,14,12,10,10,10,8,6,6,5,2,4,4,4,4,3,1,1,1,830,787,690,528,228,202,190,185,158,152,135,73,76,74,71,58,43,39,38,27,25,24,19,18,18,17,16,13,12,12,10,7,6,6,5,4,1,1,1
analysis,922,884,927,871,752,737,701,699,689,674,641,635,598,573,554,558,548,527,520,531,514,486,494,479,461,444,432,436,432,445,422,390,378,370,370,362,359,356,329,329,329,326,308,312,305,305,292,283,255,256,249,249,239,227,227,220,214,208,205,208,194,195,188,180,182,170,167,166,154,160,157,135,136,128,130,125,127,120,117,110,111,108,87,88,77,73,75,69,66,63,60,61,41,41,40,38,36,37,29,26,27,25,22,15,11,12,9,10,10,10,9,7,6,6,5,3,2,2,0,2,2,1,1,1,1,784,520,426,388,339,322,272,274,252,224,213,205,205,200,172,140,131,113,99,93,91,84,79,70,64,63,64,56,47,46,38,33,33,31,29,28,25,23,24,24,21,20,18,18,16,16,15,15,13,14,13,12,12,10,10,10,10,9,7,8,8,8,7,4,4,4,4,4,4,4,3,3,3,3,2,2,2,2,2,1,1,1,1,1,1,774,765,630,613,435,435,422,377,391,382,364,324,283,253,249,257,188,177,149,87,82,78,73,68,65,63,53,52,50,49,47,44,41,38,32,30,29,22,18,18,12,9,7,5,4,2,2,1,1,611,228,195,135,133,83,83,59,37,33,28,22,21,16,17,17,15,15,14,12,11,10,10,8,6,6,5,4,4,4,4,4,3,1,1,1,823,784,678,513,223,202,185,179,157,150,135,77,75,74,67,58,43,38,37,27,21,21,18,18,18,16,15,11,13,12,9,7,6,6,5,4,1,1,1
development,912,886,871,920,742,724,706,708,713,667,653,635,594,553,557,556,558,541,539,530,497,486,492,478,467,447,438,435,441,434,421,384,381,381,364,355,355,354,341,337,332,330,320,312,300,299,295,280,262,261,259,250,235,231,229,225,214,210,209,207,195,195,192,176,180,166,170,169,160,161,158,137,135,131,129,124,127,121,119,110,106,109,88,88,80,80,75,68,65,60,61,62,44,43,38,39,37,36,27,26,27,25,21,14,12,12,10,10,10,10,9,7,6,6,5,4,3,2,1,2,2,1,1,1,1,800,511,420,409,340,331,267,267,264,231,219,214,201,186,174,137,133,111,97,95,93,84,80,73,65,62,65,55,48,46,38,32,31,30,29,28,23,25,24,24,21,18,18,18,16,16,15,15,14,14,13,12,12,10,10,10,10,8,7,8,8,8,7,3,4,4,4,3,4,4,2,3,3,3,2,2,2,2,2,1,1,1,1,1,1,778,780,636,600,442,435,414,380,376,376,364,329,287,260,255,254,191,179,156,90,82,80,75,69,59,60,55,55,49,49,47,43,42,38,32,31,29,22,20,17,12,9,5,5,4,3,2,1,1,608,227,196,144,135,88,83,61,35,33,30,22,20,17,17,17,16,15,14,10,10,10,10,8,6,6,4,4,4,4,4,4,3,1,1,1,820,782,692,531,230,205,187,184,159,145,136,75,77,73,69,57,43,39,38,27,25,23,19,18,18,17,16,13,13,12,10,7,6,6,5,4,1,1,1
evaluation,777,747,752,742,785,641,612,611,590,583,563,551,535,502,479,477,474,466,450,479,442,447,432,419,402,402,386,378,378,393,369,354,337,332,318,335,329,313,297,285,285,282,281,287,275,261,257,254,235,225,227,230,219,199,201,195,188,175,186,184,170,178,169,159,161,160,149,141,137,146,143,120,123,118,118,117,116,106,100,104,103,102,75,82,69,70,63,63,59,57,58,50,40,34,32,35,34,32,24,24,27,22,21,16,11,10,10,7,9,10,9,7,3,6,4,4,3,2,1,2,1,1,1,1,0,666,458,378,334,297,289,247,232,219,189,189,183,178,173,154,135,121,107,91,85,78,73,69,65,57,57,52,49,43,37,33,30,32,30,23,26,23,22,21,22,20,18,16,18,15,15,12,14,10,14,13,12,10,8,10,7,9,8,8,6,8,7,5,3,4,4,4,4,2,3,2,2,1,2,2,1,1,2,2,1,1,1,0,0,1,666,661,539,535,387,376,373,332,338,340,331,281,241,232,222,230,157,160,138,76,66,72,71,60,58,54,50,50,50,46,43,38,38,34,27,27,26,19,18,14,11,8,7,5,4,3,2,1,1,530,204,164,118,108,73,67,56,34,33,22,17,17,13,15,13,13,11,12,9,7,9,10,5,5,3,2,0,2,4,4,4,3,1,1,1,704,677,579,440,204,180,163,162,139,137,116,63,69,65,55,48,37,32,31,24,21,21,16,15,18,17,15,11,12,12,9,7,5,5,4,4,1,1,1
review,758,731,737,724,641,765,594,593,587,575,550,537,526,467,472,482,479,469,454,473,436,435,426,425,405,397,368,382,377,379,372,346,348,341,326,311,327,307,291,299,300,290,280,275,255,264,256,260,231,234,238,225,208,213,199,207,184,177,196,190,171,166,174,148,149,147,149,155,140,143,148,123,123,119,119,107,109,113,100,105,100,94,83,85,71,66,74,66,58,47,59,54,39,40,25,37,34,31,20,25,27,17,18,15,11,11,8,9,9,10,9,6,5,6,5,3,2,2,1,2,2,1,1,1,1,677,461,376,342,300,299,253,249,229,197,200,178,178,169,162,133,116,98,85,76,80,73,70,62,56,55,52,53,39,41,23,27,32,31,25,24,24,21,24,14,19,12,18,16,15,12,11,13,10,11,8,11,11,9,10,8,9,7,5,5,5,6,5,4,4,4,4,2,2,2,0,3,2,3,2,2,0,2,2,0,1,1,1,1,1,643,652,529,538,394,375,370,327,327,342,319,288,236,234,228,236,157,163,138,77,69,75,66,64,51,52,47,50,51,48,44,39,37,36,27,27,25,19,18,15,10,9,6,5,4,2,2,1,1,521,195,167,123,107,78,70,49,37,32,25,22,19,14,13,8,13,6,12,8,10,7,10,4,6,3,4,2,2,3,3,2,1,1,1,1,684,653,577,425,199,187,165,168,138,142,123,66,70,73,61,35,40,34,27,23,19,21,15,18,14,16,16,8,13,12,9,7,5,4,4,4,1,1,1
processing,731,709,701,706,612,594,736,573,577,549,541,512,520,448,466,488,453,456,445,463,421,421,394,400,379,395,381,369,383,368,368,326,326,325,322,321,319,310,301,295,288,271,289,321,233,234,253,247,229,240,225,224,197,203,208,195,173,180,180,180,166,162,180,131,137,149,138,143,134,129,132,119,118,111,115,107,98,116,99,107,89,106,79,77,80,71,65,62,59,40,53,54,40,36,18,35,35,25,19,26,23,16,19,15,11,8,10,10,8,9,8,6,6,6,4,4,2,2,1,1,0,1,1,1,0,660,436,373,360,293,284,252,235,230,203,198,189,170,156,149,132,123,92,75,90,78,79,70,71,58,62,54,51,43,40,22,26,29,28,28,23,21,19,22,16,15,11,19,14,16,10,9,11,9,13,9,11,11,10,9,6,8,6,8,7,6,6,3,3,4,3,3,1,0,1,0,0,0,1,2,1,1,2,1,0,1,1,1,1,1,633,643,528,491,391,367,344,328,307,334,332,268,234,242,226,220,159,167,143,80,62,72,70,62,43,42,47,51,50,46,47,39,36,34,27,25,25,17,18,16,11,9,8,5,4,3,2,1,1,511,198,162,132,110,83,63,54,40,31,29,18,17,16,16,9,14,8,12,4,9,9,10,5,6,0,4,2,0,4,4,3,3,1,1,1,669,635,583,423,197,190,172,172,129,130,122,68,70,67,69,29,37,31,32,26,23,20,17,16,17,16,15,11,12,11,9,7,6,4,5,4,1,1,1
concept design,729,708,699,708,611,593,573,729,589,555,550,561,493,462,469,478,483,455,457,456,442,377,442,406,413,380,377,357,358,378,364,320,333,336,322,304,297,289,292,291,295,298,270,252,281,267,259,241,234,224,224,218,215,190,201,208,186,192,191,182,164,184,170,156,168,151,157,151,152,146,149,117,127,116,121,107,121,111,115,89,91,93,87,81,73,69,65,62,57,53,48,59,36,38,38,37,33,34,26,26,26,24,18,16,11,12,9,10,10,10,7,7,6,6,4,4,3,2,2,2,2,1,1,1,1,638,430,361,326,289,294,222,237,218,181,175,177,183,154,157,126,109,94,88,90,87,72,70,61,61,57,60,50,40,40,35,29,30,28,24,27,24,20,19,22,20,18,13,17,17,15,14,13,11,13,12,11,9,10,9,10,10,9,7,6,8,7,6,3,4,4,4,3,4,2,1,3,3,3,2,1,1,2,2,1,1,1,1,1,1,634,631,540,513,346,382,345,329,313,317,321,305,261,217,206,234,178,164,130,82,79,72,67,63,55,51,53,43,43,47,45,32,40,36,27,28,29,19,19,12,11,9,6,5,4,3,2,1,1,508,172,179,120,124,80,80,58,32,27,21,22,20,16,10,16,16,13,14,9,11,10,8,7,6,6,4,3,4,1,4,4,3,1,1,1,654,629,555,425,208,179,166,155,132,122,106,54,65,68,58,53,38,35,36,22,23,17,17,12,16,13,13,12,9,11,8,7,5,5,4,4,1,1,1
system integration,722,710,689,713,590,587,577,589,726,548,548,543,480,448,456,484,483,467,482,452,424,389,411,413,404,383,371,366,380,382,356,322,323,350,304,289,300,302,292,296,294,292,269,269,265,258,273,229,237,234,235,216,211,201,204,205,185,187,189,193,180,179,163,143,161,146,156,168,142,143,148,123,124,118,120,106,114,111,101,91,92,92,87,81,73,74,74,61,57,43,54,60,39,42,35,34,35,32,22,22,25,23,15,12,10,12,9,9,8,10,8,6,5,6,5,3,3,2,2,2,2,1,1,1,0,653,408,366,349,294,311,227,234,225,202,178,184,192,148,149,119,111,99,90,82,76,79,72,60,63,59,61,51,45,39,37,23,31,26,26,28,23,23,20,23,19,17,14,18,15,13,15,13,11,13,12,8,12,9,8,10,10,8,6,8,8,7,7,4,4,3,4,3,4,4,2,3,3,3,2,2,1,1,2,1,1,1,1,1,1,640,639,548,491,358,369,335,325,312,320,311,294,254,223,222,217,176,163,130,84,76,71,65,57,43,47,49,47,42,50,40,34,34,35,23,28,24,21,19,12,9,9,7,5,3,3,2,1,1,499,184,174,129,110,77,77,54,30,30,26,23,19,14,16,17,13,14,14,10,10,9,9,8,4,6,5,4,4,4,4,3,3,1,1,1,650,626,576,447,207,180,166,153,129,119,111,62,71,65,64,52,37,32,34,26,23,20,18,13,15,14,13,12,9,12,9,7,5,4,2,4,1,1,1
detailed,693,675,674,667,583,575,549,555,548,694,504,511,479,448,468,442,440,429,424,427,418,384,504,390,377,360,332,380,360,371,341,323,313,318,291,275,296,294,259,270,271,274,258,256,260,251,248,230,209,219,216,215,209,188,192,189,181,150,176,167,175,170,147,142,162,136,148,145,120,136,136,110,113,113,109,104,108,102,84,94,88,86,75,83,63,60,64,58,52,52,56,52,37,39,32,36,34,32,26,18,24,21,19,13,10,11,9,8,9,10,8,5,4,5,3,3,2,2,1,2,1,1,1,1,1,609,410,339,326,280,278,217,230,217,192,174,173,178,158,157,124,112,92,88,66,67,74,67,67,59,52,56,48,39,38,32,27,28,30,25,23,20,23,20,21,17,17,15,17,14,16,12,13,10,12,13,11,11,9,10,8,9,8,6,6,8,5,5,2,3,4,2,3,4,4,2,3,3,3,0,2,0,1,2,1,1,1,1,1,1,606,591,504,483,357,367,336,285,312,303,302,266,235,206,214,208,159,150,126,81,66,75,64,63,50,54,49,47,48,44,43,40,36,35,25,28,26,21,16,17,9,9,7,5,4,3,1,1,1,477,189,168,125,92,71,67,47,30,24,23,22,11,13,14,13,12,12,11,11,6,10,6,5,6,5,3,1,3,1,2,4,3,1,0,1,634,621,538,411,174,180,137,160,126,135,113,64,71,70,54,48,41,32,31,21,19,21,15,16,16,16,13,10,10,11,7,6,5,5,3,3,0,0,0
knowledge engineering,670,656,641,653,563,550,541,550,548,504,673,527,477,411,428,501,460,429,431,440,406,386,390,365,395,371,390,342,333,352,326,303,347,316,342,305,300,261,299,280,287,276,242,260,235,231,238,259,244,211,214,196,196,173,207,204,155,199,175,168,166,199,171,134,144,156,142,144,156,118,130,109,128,114,124,107,116,97,117,96,83,99,81,73,58,75,67,64,50,36,46,57,35,39,24,35,33,32,18,27,20,20,19,13,9,12,8,9,8,8,8,6,6,6,4,3,3,2,1,2,2,1,1,1,1,602,413,373,304,283,283,225,215,191,167,172,168,166,129,147,129,101,80,81,88,89,71,65,61,61,53,57,40,41,40,32,22,27,28,23,24,21,16,20,22,14,12,15,15,15,12,15,11,13,13,10,11,9,5,7,7,9,8,8,8,7,6,7,4,4,3,4,3,4,2,2,3,3,3,2,2,0,2,1,1,1,1,1,1,1,581,656,498,479,345,342,333,343,279,285,328,282,236,215,201,226,159,149,120,77,72,67,64,59,33,39,47,44,45,46,45,32,32,34,25,28,21,17,18,11,8,8,7,5,4,3,2,1,1,471,164,165,111,127,82,73,58,35,24,24,22,20,12,9,16,14,14,12,6,10,8,9,6,7,6,5,4,4,3,4,2,3,1,1,1,616,570,527,365,218,158,168,145,126,114,93,48,56,65,49,42,31,27,31,22,21,18,15,12,13,12,14,10,8,8,9,5,4,5,5,4,1,1,1
product design,657,644,635,635,551,537,512,561,543,511,527,657,438,428,425,452,520,418,427,425,401,367,412,371,423,350,332,329,337,352,325,295,303,363,305,273,277,270,273,269,272,296,237,233,242,234,243,225,216,209,206,198,204,179,190,227,159,176,193,172,165,178,143,138,147,141,163,152,136,134,146,111,113,126,109,106,116,101,102,84,91,84,88,79,61,61,72,65,50,48,50,56,38,41,32,39,34,34,24,20,26,22,15,15,8,10,8,8,9,10,8,6,4,6,4,4,2,2,2,2,2,1,1,1,1,575,387,340,290,269,318,202,215,201,171,156,160,171,146,146,120,104,91,78,76,79,72,67,59,67,49,64,43,38,43,34,27,29,28,23,23,22,16,19,23,18,14,12,17,15,10,15,11,13,13,9,11,9,6,9,10,7,9,6,7,7,6,7,4,4,2,4,2,4,4,3,3,3,3,2,2,0,2,2,1,1,1,1,1,1,566,584,495,492,314,332,326,296,299,279,290,310,268,188,193,216,183,158,113,86,74,65,66,58,42,45,49,43,43,49,40,29,34,34,27,27,23,22,20,11,8,9,5,5,3,3,2,1,1,461,166,175,106,111,67,75,48,28,23,18,22,16,12,11,17,13,15,14,7,8,9,9,6,6,6,5,2,4,2,4,3,2,1,1,1,599,566,505,386,188,163,145,151,122,116,96,49,61,66,54,44,36,34,38,24,24,21,18,14,15,13,15,13,9,10,8,7,5,5,3,4,1,1,1
information search,619,600,598,594,535,526,520,493,480,479,477,438,622,388,401,423,395,406,378,402,375,373,350,355,321,335,358,329,335,335,323,301,316,271,307,297,297,263,275,267,259,227,254,254,208,212,215,243,209,195,201,198,182,186,196,168,150,163,168,153,142,154,170,112,116,148,125,126,127,113,116,112,115,96,112,100,92,101,92,99,80,93,63,81,67,70,54,48,48,35,45,46,37,32,14,30,36,24,14,26,18,13,20,13,9,10,10,9,8,9,9,5,5,6,4,2,2,2,0,2,1,1,1,1,1,558,419,329,305,274,236,221,212,205,173,194,161,145,132,149,123,103,81,71,74,72,72,58,69,51,59,39,44,36,32,13,24,29,30,25,21,21,19,21,11,15,6,18,15,14,6,3,14,5,10,4,11,9,9,9,5,7,6,8,4,4,5,2,4,4,3,3,4,0,1,1,0,0,0,2,2,0,2,2,0,0,1,1,0,0,546,563,454,425,351,332,324,305,269,290,319,235,191,213,215,216,131,144,134,65,48,75,58,58,41,38,41,45,49,34,46,37,40,35,22,28,20,12,14,17,10,7,7,5,4,2,2,1,1,453,168,140,122,104,77,49,53,39,26,26,19,15,16,16,4,15,3,11,2,6,7,10,5,6,0,5,3,0,4,3,2,3,1,1,1,572,550,515,352,182,172,161,157,134,125,106,63,66,65,57,13,36,28,27,17,18,19,16,14,16,16,13,9,11,12,9,7,5,6,5,4,1,1,1
optimization,590,572,573,553,502,467,448,462,448,448,411,428,388,592,367,349,357,327,333,348,344,329,346,313,323,302,268,304,280,292,275,253,232,260,225,251,225,254,193,192,202,225,190,227,237,226,203,179,178,190,170,184,191,150,151,158,158,134,155,130,134,150,123,167,158,121,119,112,86,118,117,85,98,102,95,99,97,85,54,83,84,76,65,69,62,52,53,47,49,55,40,42,25,37,40,33,19,26,24,14,20,25,14,9,8,7,6,9,7,6,6,6,6,6,4,4,1,2,2,2,0,1,1,1,1,491,333,281,247,218,230,192,180,154,141,135,123,151,169,125,104,102,85,73,49,54,61,46,53,54,34,53,40,37,30,36,27,27,22,23,27,19,16,17,24,18,20,15,17,13,16,14,15,14,13,13,9,5,8,6,10,10,9,5,8,8,4,6,3,3,4,3,1,4,3,3,3,3,3,1,2,0,1,1,1,1,1,1,1,1,491,493,406,412,282,289,290,217,278,271,256,242,218,162,144,148,140,118,92,70,59,48,48,46,62,58,45,37,39,40,33,33,22,28,18,22,24,12,17,9,10,9,3,4,3,2,1,1,1,395,173,116,95,69,50,60,37,22,27,16,21,12,12,8,17,7,15,12,12,5,10,7,5,5,6,2,0,4,2,3,4,2,1,0,1,536,505,430,320,126,145,98,108,103,106,83,47,51,59,35,58,35,33,27,19,15,15,13,9,11,11,9,10,7,11,7,6,5,3,1,4,1,1,1
check,579,561,554,557,479,472,466,469,456,468,428,425,401,367,580,381,377,383,368,355,353,312,357,337,302,305,295,313,316,309,289,281,269,259,244,240,254,238,238,239,221,222,227,221,221,212,213,208,185,181,176,183,171,167,169,158,144,136,152,150,147,133,126,105,118,118,129,115,104,114,108,93,102,100,97,81,102,90,72,79,77,76,55,75,52,62,50,49,47,37,40,46,33,34,23,30,32,26,17,19,16,18,18,10,9,11,8,9,9,7,8,6,6,5,4,2,3,2,1,2,1,1,1,1,1,519,364,284,287,237,226,182,203,191,182,161,157,149,124,133,96,103,71,63,65,61,64,63,56,55,48,52,37,31,30,29,23,25,22,25,22,20,22,20,18,18,12,13,16,16,12,12,8,11,13,10,9,11,9,6,6,7,7,5,6,8,6,6,2,3,3,2,2,3,3,1,3,3,3,0,0,0,2,2,1,0,1,0,1,0,509,507,433,395,315,327,283,245,257,265,268,209,190,192,195,186,131,137,110,66,57,66,57,51,35,34,38,45,45,38,38,33,40,33,26,26,19,17,14,16,9,8,6,5,4,2,1,1,1,396,168,140,109,86,58,58,45,31,19,21,19,10,13,11,14,10,13,10,5,5,9,7,4,5,5,1,2,4,3,3,4,2,1,0,0,542,531,468,352,143,169,122,137,123,111,103,55,63,60,52,36,40,25,27,16,20,20,16,15,13,17,15,9,10,11,8,7,6,5,5,4,1,1,1
knowledge management,572,559,558,556,477,482,488,478,484,442,501,452,423,349,381,573,413,397,389,398,357,329,332,330,357,324,338,285,316,319,320,269,308,318,311,259,274,240,274,275,280,261,215,229,200,197,228,240,228,197,203,172,175,162,206,190,127,177,177,171,162,169,166,106,120,138,121,146,143,111,130,112,116,103,115,87,103,97,105,85,69,88,79,75,61,67,71,57,46,29,39,53,36,37,12,35,32,22,11,24,22,10,16,11,7,10,8,10,9,10,6,6,6,6,5,2,1,2,1,2,2,1,1,1,0,525,349,332,277,264,285,210,203,193,158,158,154,157,103,136,120,84,73,70,83,84,70,56,57,55,58,50,44,35,35,16,19,28,27,23,21,17,13,19,12,15,6,9,15,16,7,8,10,5,11,5,10,8,7,10,5,8,3,8,6,4,6,4,4,4,2,4,3,0,1,0,1,0,0,2,1,0,2,2,0,1,1,1,1,1,510,564,441,410,300,300,296,316,238,261,296,258,203,192,196,207,149,158,121,75,62,66,56,58,25,35,40,40,45,48,41,29,37,31,22,25,20,15,16,12,8,8,7,5,4,2,2,1,1,415,128,158,112,115,79,63,55,32,28,24,21,14,11,12,5,12,4,14,4,8,7,8,2,6,1,4,4,0,3,4,2,3,1,1,1,523,497,458,339,197,153,168,144,110,107,87,53,52,63,51,20,29,27,29,17,20,17,18,14,14,13,13,9,9,11,8,6,4,6,5,4,1,1,1
product support,567,560,548,558,474,479,453,483,483,440,460,520,395,357,377,413,567,382,393,399,353,328,340,327,382,305,301,292,313,313,301,257,268,352,275,231,256,242,259,250,264,278,211,217,210,206,232,202,195,199,205,172,175,172,177,207,131,153,189,157,156,159,132,111,118,121,160,151,118,118,136,108,106,122,103,93,103,97,87,83,68,78,87,75,57,53,70,61,43,28,43,53,34,41,21,37,35,25,18,16,21,16,14,13,8,10,8,7,9,10,7,6,3,6,4,3,2,2,1,2,2,1,1,1,1,511,343,314,277,252,308,183,209,192,163,148,154,158,115,131,114,89,78,70,62,69,71,64,56,64,41,56,43,35,41,27,23,26,25,25,20,15,17,15,16,16,10,10,15,15,9,15,9,12,11,8,8,11,6,9,5,7,7,5,6,5,8,7,3,3,2,4,2,4,2,1,3,3,3,1,2,2,2,2,0,1,1,1,1,1,494,513,442,427,286,291,289,269,257,250,268,285,234,171,183,192,166,151,106,78,68,69,64,56,27,35,47,39,42,50,37,31,36,34,24,28,20,22,20,11,8,9,5,5,4,3,1,1,1,407,142,164,103,98,58,69,41,22,21,17,18,14,11,11,13,12,11,11,5,7,5,9,5,6,6,3,1,4,1,4,2,0,1,0,1,526,497,446,362,169,160,128,143,116,110,86,49,54,63,54,30,35,32,34,23,21,19,17,12,14,14,13,12,10,9,9,7,6,5,5,4,1,1,1
creation,554,534,527,541,466,469,456,455,467,429,429,418,406,327,383,397,382,556,372,369,340,313,318,316,306,303,284,291,321,314,296,262,288,281,267,229,258,251,242,253,258,223,220,224,183,185,216,211,200,174,189,169,167,180,173,168,129,143,167,150,164,146,149,107,122,126,124,137,115,113,123,111,109,95,104,91,91,94,78,85,71,76,71,72,58,56,58,50,36,29,35,47,35,33,22,30,30,21,15,20,18,21,18,10,8,10,8,8,9,7,7,7,4,5,2,2,2,2,0,1,2,1,1,1,0,522,351,293,293,244,240,194,214,200,182,169,159,166,106,136,117,101,71,71,73,66,70,57,64,54,51,52,43,41,34,27,20,27,26,25,24,21,21,17,17,16,13,14,14,14,9,11,10,9,12,8,8,10,9,9,9,8,8,7,7,7,6,6,2,4,3,4,4,3,2,0,2,3,3,2,2,0,1,2,1,1,1,1,1,1,501,513,425,388,320,302,276,269,243,256,266,220,195,187,209,201,144,145,125,67,53,64,60,57,32,39,36,45,41,34,39,27,36,32,24,26,16,15,15,16,8,8,4,5,4,2,2,1,1,403,158,145,114,89,70,54,40,28,26,23,18,15,12,13,14,12,12,11,4,8,6,7,6,6,4,3,3,4,3,3,3,2,1,1,1,511,501,463,364,156,168,140,147,129,101,109,55,55,59,54,28,36,25,26,20,21,20,15,14,16,16,15,10,8,9,10,6,6,5,5,4,1,1,1
system specification,548,541,520,539,450,454,445,457,482,424,431,427,378,333,368,389,393,372,549,359,335,289,337,315,326,310,295,293,315,308,288,260,255,285,255,234,251,232,237,252,231,243,217,209,206,206,228,191,197,189,187,169,183,153,172,175,145,153,155,151,151,150,128,107,126,108,139,134,114,121,127,98,105,111,101,83,100,94,84,79,76,71,76,61,55,63,57,49,44,32,41,53,35,38,25,27,30,27,13,18,23,20,15,8,7,11,8,9,9,10,7,5,6,5,4,2,2,2,0,2,2,1,1,1,1,502,335,285,281,244,257,174,190,189,166,143,153,162,110,126,107,87,81,58,62,55,70,68,50,55,42,47,34,42,34,29,22,26,24,22,20,20,15,18,21,14,13,9,16,13,9,13,11,9,11,7,7,9,5,9,7,9,5,5,6,5,7,6,2,4,1,4,2,3,2,0,2,2,2,2,1,1,1,2,1,1,1,1,1,1,500,491,452,382,280,295,267,257,234,259,262,238,198,178,184,183,145,137,101,63,70,60,55,49,28,31,41,42,44,40,34,24,34,36,22,28,18,17,17,10,8,8,4,4,4,2,2,1,1,389,140,162,102,95,53,71,47,26,21,14,19,17,12,15,15,11,13,12,6,9,7,6,5,5,5,2,3,3,2,4,2,2,1,1,1,506,483,439,370,155,150,126,132,100,103,82,51,56,56,62,37,39,27,32,22,19,22,17,13,14,13,15,8,9,11,8,7,6,4,4,4,1,1,1
decision support,541,533,531,530,479,473,463,456,452,427,440,425,402,348,355,398,399,369,359,544,340,342,322,338,319,324,308,294,296,314,312,272,279,287,275,254,267,243,243,235,250,237,228,234,192,208,210,216,203,207,202,186,164,154,171,169,133,143,176,160,135,149,149,100,108,135,126,135,114,115,126,105,105,93,102,90,89,94,85,88,72,89,71,79,61,63,66,55,43,31,40,47,35,33,17,32,29,28,14,22,24,13,18,13,10,8,6,8,7,9,8,6,6,6,4,3,0,2,0,2,2,1,1,1,1,496,349,332,275,238,253,208,204,178,149,155,145,140,106,139,116,92,72,67,68,67,60,64,57,48,45,37,43,29,30,17,19,28,26,22,17,15,16,19,10,13,8,15,14,15,7,7,10,7,7,4,6,11,6,8,2,8,7,5,3,5,5,4,2,3,2,3,3,3,1,1,2,3,2,0,1,0,2,2,0,1,1,1,1,1,473,498,413,393,312,272,286,267,243,265,269,236,182,199,172,189,133,146,119,63,58,63,57,57,26,28,37,44,41,41,39,33,33,32,23,27,18,15,16,9,9,8,7,5,4,3,1,1,1,395,147,134,100,89,57,59,41,26,26,15,15,15,12,10,7,9,7,8,2,7,5,9,5,6,4,2,2,4,1,2,1,1,1,0,1,498,481,441,322,155,160,122,129,112,104,100,52,48,61,42,19,30,28,24,22,16,16,13,13,14,12,14,9,7,10,8,7,3,5,4,4,1,1,1
engine analysis,514,507,514,497,442,436,421,442,424,418,406,401,375,344,353,357,353,340,335,340,514,305,336,307,302,288,282,277,282,302,270,268,257,256,247,243,230,230,221,217,215,222,206,209,212,220,202,193,183,173,161,178,168,152,159,155,159,134,152,139,147,144,128,125,137,118,115,121,108,115,119,96,100,93,98,89,97,85,82,84,68,71,71,62,49,56,50,47,52,41,29,52,33,37,29,24,29,25,22,22,24,18,16,10,8,7,8,9,7,10,7,5,5,6,4,2,1,2,0,2,2,1,1,1,1,462,325,288,250,225,224,182,184,162,155,148,146,162,126,124,107,94,72,65,63,61,57,62,60,47,41,49,40,35,30,33,19,28,25,20,25,20,20,13,19,18,14,13,15,13,12,14,13,11,12,10,9,12,6,7,8,10,8,7,8,7,4,6,1,4,4,4,3,4,3,3,2,3,3,2,1,0,2,2,1,0,1,1,1,0,458,456,389,369,262,274,263,233,245,239,248,219,184,170,165,173,127,126,102,69,62,60,57,54,43,40,41,37,44,35,38,30,28,33,23,25,21,15,13,11,11,9,4,4,4,1,2,1,1,367,145,136,89,93,56,63,43,31,23,16,16,14,15,15,14,11,12,12,11,8,10,7,4,6,6,3,2,4,3,4,2,3,1,1,1,473,464,411,327,145,144,118,128,112,96,86,47,46,53,44,49,36,25,26,19,16,16,12,14,16,15,12,8,11,8,7,6,5,4,5,4,1,1,1
training,503,481,486,486,447,435,421,377,389,384,386,367,373,329,312,329,328,313,289,342,305,507,271,309,277,294,260,285,254,269,270,280,256,231,231,242,252,229,181,193,202,198,211,222,173,198,171,207,173,176,182,202,152,148,149,122,155,100,152,146,107,122,131,99,101,123,107,100,75,100,100,99,92,86,92,85,69,87,52,86,75,77,50,80,55,53,50,43,52,28,42,40,35,26,13,24,26,17,7,20,22,10,19,11,9,5,9,10,7,7,8,5,6,6,4,2,0,2,1,2,1,1,1,1,0,456,334,287,240,193,202,193,177,143,124,158,125,110,129,119,112,90,66,60,46,42,50,53,53,36,30,33,36,33,25,15,19,27,26,15,14,20,18,21,7,15,9,16,15,11,5,7,10,6,8,4,8,6,8,9,4,6,5,7,2,4,8,2,2,4,2,2,3,0,1,1,0,0,0,2,1,2,2,1,0,0,1,0,0,0,434,452,361,355,316,248,285,191,244,262,233,187,147,200,146,161,101,112,118,52,39,55,58,51,34,38,29,42,42,26,39,35,29,27,21,22,14,8,11,11,9,6,4,5,4,2,2,1,1,363,150,101,79,57,42,40,31,25,24,17,15,13,10,8,3,9,2,8,4,7,4,9,2,5,1,3,0,0,1,3,3,2,1,1,1,468,444,390,258,110,141,95,118,102,107,79,47,61,54,30,13,31,20,18,17,13,16,11,10,15,12,13,5,10,8,9,6,6,5,4,4,1,1,1
detailed design,504,495,494,492,432,426,394,442,411,504,390,412,350,346,357,332,340,318,337,322,336,271,504,290,314,281,254,294,270,290,260,243,239,252,223,208,218,217,198,202,199,229,190,186,231,203,195,174,164,163,172,166,167,138,148,166,144,121,136,131,142,145,105,128,148,110,131,117,93,110,118,84,87,97,83,91,101,77,65,66,75,68,68,67,45,54,52,50,38,47,44,50,30,36,32,32,29,28,24,16,23,21,16,11,7,10,8,8,8,10,8,4,4,4,3,3,2,1,1,2,1,1,1,1,1,449,311,256,237,214,224,159,184,149,136,116,122,151,126,130,97,77,77,74,47,48,55,53,43,56,41,53,39,38,35,32,24,24,22,19,22,17,15,16,21,15,16,11,15,10,16,12,13,10,12,13,9,6,5,7,8,9,7,3,6,7,3,5,2,3,3,2,3,4,4,2,3,3,3,0,2,0,1,2,1,1,1,1,1,1,445,438,390,382,247,285,259,208,233,231,225,229,205,141,143,164,143,117,91,73,56,59,47,47,40,45,47,32,36,38,31,29,25,32,20,25,24,19,15,10,6,9,5,5,3,3,1,1,1,362,134,142,87,77,43,57,37,20,13,13,21,8,11,11,13,8,12,11,11,6,10,5,2,6,5,2,0,3,0,2,4,3,1,0,1,468,461,395,295,125,138,96,107,89,100,70,42,49,57,41,48,34,26,29,18,17,15,15,12,10,11,10,9,7,9,5,6,4,4,3,3,0,0,0
failure,491,479,479,478,419,425,400,406,413,390,365,371,355,313,337,330,327,316,315,338,307,309,290,492,282,279,263,265,273,271,267,269,239,234,216,225,218,197,173,202,191,200,194,193,180,192,194,175,156,188,173,188,152,143,146,136,146,103,154,210,106,130,113,89,96,109,120,113,76,111,106,83,92,77,86,70,69,89,55,72,73,75,53,73,58,53,49,42,52,32,46,45,25,28,16,25,28,18,14,15,26,8,16,8,7,9,5,8,6,9,8,2,4,4,2,2,0,2,0,2,0,1,1,1,0,439,305,254,239,207,201,170,184,158,146,138,129,110,113,109,94,94,67,57,45,43,66,48,46,38,35,26,35,29,24,12,24,26,20,25,15,13,17,17,7,17,9,12,12,13,7,6,13,4,7,5,8,7,8,9,4,7,4,5,2,5,5,2,3,4,2,2,3,0,3,1,0,0,0,1,1,0,1,2,0,0,0,0,0,0,435,432,370,350,275,252,257,192,245,233,217,198,143,180,135,151,98,128,95,59,47,62,48,42,33,32,29,42,41,28,27,32,28,34,19,26,16,11,14,10,8,8,5,4,4,3,1,0,0,355,145,110,95,64,35,48,31,21,27,19,14,8,10,8,2,7,1,12,6,7,5,7,5,4,1,3,1,0,1,3,2,1,1,1,0,451,438,388,291,108,148,96,105,96,110,76,46,56,57,46,18,32,22,19,14,12,14,9,11,10,14,8,6,6,5,7,4,4,3,3,3,0,0,0
manufacturing,475,468,461,467,402,405,379,413,404,377,395,423,321,323,302,357,382,306,326,319,302,277,314,282,475,268,273,240,249,257,256,216,233,285,240,212,218,200,209,195,226,283,155,188,186,162,192,177,181,176,163,146,143,124,143,170,116,143,156,144,120,150,107,96,109,103,138,130,113,107,128,75,90,113,86,72,93,69,80,73,64,72,86,59,50,54,68,61,39,33,38,43,27,39,16,39,26,20,20,20,21,13,13,11,8,10,9,6,7,10,4,5,4,6,4,3,0,2,1,2,2,1,1,1,1,418,279,264,219,214,253,156,159,127,99,109,114,120,105,118,95,59,70,64,56,65,50,51,39,60,37,55,36,27,43,17,17,26,20,16,18,16,8,16,7,12,6,11,15,13,9,10,12,6,9,6,9,6,5,6,3,7,7,3,2,3,4,6,2,4,3,4,4,3,1,0,3,3,2,2,0,0,2,2,0,1,1,0,0,1,413,428,365,386,225,242,250,236,213,217,221,333,230,139,122,160,166,120,82,79,57,56,49,47,27,31,45,33,30,49,33,30,24,25,19,22,23,21,20,9,9,8,4,4,3,2,2,1,1,345,98,143,68,92,53,58,41,20,22,11,17,15,9,4,7,8,6,9,3,7,5,6,5,3,5,2,0,4,0,2,2,1,1,1,1,439,402,363,274,153,124,111,97,91,82,56,32,46,55,38,24,27,32,33,16,21,13,16,10,10,6,9,11,6,9,6,6,4,3,1,4,1,1,1
system identification,458,451,444,447,402,397,395,380,383,360,371,350,335,302,305,324,305,303,310,324,288,294,281,279,268,460,249,265,261,274,264,244,242,229,214,222,236,202,196,204,202,196,201,207,176,195,175,190,169,167,166,176,148,131,141,138,139,118,139,142,124,127,129,91,104,106,112,112,95,114,99,91,81,82,80,73,87,86,68,76,66,78,58,68,64,58,52,50,49,33,39,37,26,29,19,26,26,26,12,20,25,12,15,9,9,8,7,9,4,9,6,5,5,6,2,1,1,2,0,1,1,1,1,1,0,416,295,277,222,203,205,174,167,131,126,136,119,127,105,112,95,72,72,57,57,54,49,50,50,34,35,38,32,30,24,21,22,27,24,12,18,20,15,16,9,15,9,16,14,12,5,7,9,7,9,3,9,6,4,10,3,7,8,5,3,5,5,4,3,3,4,3,0,3,2,1,2,3,2,2,0,1,2,1,0,0,1,0,1,0,402,422,362,337,260,239,248,213,213,243,219,195,149,164,149,148,101,123,91,55,54,57,44,47,25,28,33,34,35,31,36,34,21,27,16,22,20,10,15,9,8,8,4,5,4,1,2,1,1,347,124,115,83,73,50,55,38,25,25,21,14,16,10,9,7,11,7,9,4,7,6,6,0,3,4,3,2,4,1,3,2,2,1,1,0,424,408,370,258,120,126,112,97,87,100,76,39,51,47,44,23,24,20,14,15,13,14,8,8,12,11,8,8,6,7,3,5,4,3,2,1,0,0,0
reasoning,448,434,432,438,386,368,381,377,371,332,390,332,358,268,295,338,301,284,295,308,282,260,254,263,273,249,451,229,229,251,237,204,252,199,248,271,216,176,245,214,197,192,166,199,154,144,154,195,179,157,152,135,143,111,143,127,95,170,125,121,100,133,128,71,79,115,93,98,132,73,86,75,105,81,101,62,86,73,96,74,52,91,59,52,50,80,44,45,25,15,31,41,26,28,8,28,24,15,10,25,12,8,17,9,8,10,8,8,6,6,9,5,4,6,3,4,2,2,1,2,1,1,1,1,1,405,293,268,208,220,182,165,145,134,100,122,121,104,78,97,91,64,68,53,86,70,52,40,48,32,48,34,25,27,27,9,9,22,21,17,12,14,12,13,9,10,9,14,10,12,3,4,6,2,6,1,9,7,4,5,1,7,4,8,2,5,6,1,2,4,1,2,3,1,1,0,0,0,0,2,1,0,1,0,1,0,1,0,0,0,406,436,342,309,240,244,238,286,205,204,261,191,151,150,132,181,116,120,88,54,44,52,44,50,14,14,28,32,32,37,39,32,26,28,21,23,15,16,17,9,8,7,8,5,3,2,2,1,1,336,110,126,80,108,74,44,55,33,21,19,12,17,12,9,3,13,2,8,2,9,5,9,6,5,2,5,4,0,3,3,1,3,1,1,0,409,388,365,250,181,127,146,99,85,81,63,33,41,44,31,10,27,17,23,13,14,13,11,11,11,8,8,7,7,6,3,4,4,4,3,1,1,1,1
data validation,447,435,436,435,378,382,369,357,366,380,342,329,329,304,313,285,292,291,293,294,277,285,294,265,240,265,229,448,263,250,228,234,208,218,198,210,221,222,180,193,177,179,180,197,175,177,180,166,151,158,157,175,141,121,138,132,146,111,117,120,135,122,108,103,116,95,130,108,77,106,115,85,79,80,74,76,84,69,50,75,75,72,57,53,49,48,45,36,44,32,37,38,25,36,18,29,27,20,19,17,21,14,18,5,6,7,5,8,8,9,7,7,5,4,3,3,2,2,1,2,0,1,1,1,1,406,284,234,223,196,191,170,156,143,151,127,130,136,116,117,89,93,68,57,48,36,57,60,47,43,35,37,38,31,23,23,21,24,21,20,18,20,21,16,12,17,9,12,13,8,9,9,11,9,9,8,5,8,8,3,7,6,6,4,4,5,6,4,2,3,2,3,1,3,2,0,2,3,2,0,1,2,1,2,0,0,1,1,1,0,409,389,334,320,249,248,221,191,219,249,217,183,157,137,166,146,116,111,84,53,53,53,38,43,39,45,37,28,39,31,32,26,27,30,19,24,17,11,12,11,7,7,3,4,3,2,1,1,1,318,156,110,97,61,44,54,33,21,23,18,19,8,11,11,9,8,8,10,4,3,4,7,5,6,3,3,2,3,2,1,2,2,1,0,1,410,409,366,265,98,128,87,101,95,96,90,56,50,56,42,26,31,22,22,12,18,16,12,13,11,14,10,8,10,7,4,5,5,2,4,2,0,0,0
data storage,444,438,432,441,378,377,383,358,380,360,333,337,335,280,316,316,313,321,315,296,282,254,270,273,249,261,229,263,446,259,239,217,213,248,195,192,216,231,191,213,209,189,191,193,155,164,199,169,152,165,161,149,140,158,208,145,109,112,139,133,137,109,115,80,96,93,102,119,80,104,101,104,77,82,74,76,65,79,51,66,57,68,57,63,56,39,46,38,33,23,36,38,29,31,17,23,24,16,13,19,17,14,12,9,7,4,8,10,9,10,4,6,6,5,3,3,2,2,1,2,1,1,1,1,1,420,280,233,261,207,220,173,168,186,173,144,137,135,86,115,96,91,64,56,49,42,67,56,52,42,45,31,45,37,22,23,19,23,23,24,18,16,15,14,13,13,7,13,11,11,9,9,10,8,9,7,8,10,9,9,4,6,6,5,6,7,5,5,2,4,2,2,1,2,1,1,3,2,3,1,2,0,2,2,0,1,1,1,1,1,402,401,346,311,268,240,224,198,204,229,216,178,151,174,183,142,110,125,107,56,43,55,53,43,29,29,27,40,38,33,32,33,32,27,21,22,13,12,10,15,11,8,3,3,4,2,2,1,1,313,138,102,113,54,53,44,33,19,30,22,16,10,6,16,11,9,9,10,2,5,5,9,2,6,2,3,0,2,4,2,4,2,1,1,1,408,410,385,295,116,149,115,125,97,107,96,55,59,57,59,25,30,22,18,18,16,21,12,14,17,14,12,6,8,9,5,7,6,4,5,3,1,1,1
link analysis,444,436,445,434,393,379,368,378,382,371,352,352,335,292,309,319,313,314,308,314,302,269,290,271,257,274,251,250,259,445,250,228,228,223,219,204,205,218,181,198,196,198,190,189,185,192,177,170,172,158,157,161,158,141,157,140,125,119,132,133,133,124,114,102,127,103,116,110,95,104,108,96,82,82,81,83,92,78,64,68,74,69,57,71,58,53,45,39,41,35,38,41,30,29,26,23,28,20,18,15,20,22,19,8,9,10,6,6,8,8,7,5,3,5,3,1,2,2,0,1,1,1,1,1,0,414,293,255,217,210,197,160,178,158,138,134,130,137,103,119,100,76,75,68,53,49,54,53,48,43,45,42,38,36,27,30,21,28,24,15,23,18,15,19,20,15,13,10,15,11,13,14,10,10,12,13,6,7,7,9,7,7,8,3,7,8,6,7,3,4,3,2,3,4,3,2,3,3,3,1,1,1,2,2,1,1,1,0,1,1,395,409,348,338,259,250,238,205,216,227,238,182,164,164,163,156,114,120,98,62,54,58,54,48,31,31,38,38,39,32,36,28,29,27,13,22,19,14,14,13,8,8,2,4,4,2,2,1,1,337,128,119,89,67,55,55,37,23,23,12,16,10,11,14,16,10,14,11,8,6,5,7,3,3,6,2,1,4,2,3,2,2,1,1,1,401,419,370,288,122,139,113,127,105,99,82,45,48,57,42,38,31,20,25,21,15,17,12,10,11,10,12,9,10,9,7,6,5,4,3,3,0,0,0
acquisition,430,417,422,421,369,372,368,364,356,341,326,325,323,275,289,320,301,296,288,312,270,270,260,267,256,264,237,228,239,250,433,226,223,235,220,210,210,198,176,187,202,200,193,182,160,171,175,169,170,157,169,164,135,135,138,131,118,113,137,134,108,129,113,79,88,102,100,112,91,92,98,89,88,75,87,69,73,77,62,65,63,69,56,68,54,47,53,43,40,23,34,41,27,26,12,27,24,15,8,15,18,5,14,8,7,7,8,5,4,10,8,6,2,4,5,3,0,1,0,1,1,0,0,1,0,399,272,247,208,189,203,158,163,132,109,114,120,111,99,100,89,62,66,51,59,60,52,47,43,38,35,34,32,28,28,9,14,25,18,15,12,14,15,16,8,13,6,12,13,12,3,3,9,1,7,1,5,6,4,8,3,8,2,6,2,3,5,1,3,4,3,1,3,0,1,0,0,0,0,2,1,0,2,2,0,0,1,1,1,0,375,386,333,317,235,232,233,199,194,238,199,183,149,150,144,138,102,127,90,57,41,56,44,42,24,30,23,29,31,30,30,26,20,24,12,21,11,10,9,6,6,7,3,4,4,1,2,1,1,336,101,113,83,77,48,42,46,22,22,11,13,11,9,8,1,8,1,10,3,5,4,4,1,5,1,3,1,0,0,2,1,3,1,1,0,395,379,342,257,135,122,103,104,76,86,67,39,47,48,37,11,28,18,15,16,9,14,10,5,12,11,8,5,8,5,3,6,5,3,3,2,0,0,0
test report,397,383,390,384,354,346,326,320,322,323,303,295,301,253,281,269,257,262,260,272,268,280,243,269,216,244,204,234,217,228,226,399,187,190,184,185,191,171,146,167,145,160,176,174,156,173,158,158,137,149,136,187,119,122,112,111,139,84,122,123,100,106,102,77,89,92,101,94,71,103,89,79,80,68,80,62,63,68,43,69,76,63,42,64,43,44,40,34,66,28,38,38,27,20,13,20,32,16,11,13,22,11,16,7,9,7,7,5,5,6,5,6,3,4,4,1,2,2,0,2,0,1,1,1,0,362,259,222,198,181,163,153,158,141,125,123,114,103,107,99,88,80,60,54,44,34,52,46,50,32,33,25,26,29,14,14,19,26,22,19,12,14,20,17,11,13,7,9,13,11,4,4,9,5,3,3,4,7,10,6,3,7,5,7,4,6,6,1,2,3,1,3,3,0,1,0,0,0,0,1,1,1,1,1,1,0,0,1,1,0,350,346,298,277,236,214,226,158,200,223,188,142,120,158,130,133,77,102,90,46,36,62,40,44,32,29,26,37,36,20,27,29,30,28,19,22,13,6,13,11,6,6,4,5,4,2,0,0,0,289,121,88,81,58,37,37,27,22,18,16,13,9,9,5,6,7,7,9,2,4,4,8,1,4,1,2,0,1,1,1,1,3,1,0,1,366,363,318,233,87,123,77,97,99,87,61,42,52,49,32,20,28,16,14,10,8,12,7,10,11,11,9,5,6,7,6,3,3,4,4,3,0,0,0
knowledge interaction,392,384,378,381,337,348,326,333,323,313,347,303,316,232,269,308,268,288,255,279,257,256,239,239,233,242,252,208,213,228,223,187,394,192,230,200,205,169,187,188,184,170,162,168,147,134,151,183,164,144,138,133,125,115,157,115,100,114,122,118,102,116,128,71,83,114,84,96,101,78,86,84,90,77,90,68,78,78,65,72,48,77,50,58,39,56,44,39,28,18,27,37,22,22,5,27,23,19,9,20,14,6,16,8,6,7,8,9,3,6,7,5,5,6,3,2,2,2,0,1,2,1,1,1,0,359,279,236,193,197,173,163,150,126,103,125,105,103,72,101,93,63,65,52,51,51,45,36,42,33,36,33,34,28,23,11,14,22,20,15,13,12,10,13,8,12,4,11,9,10,4,3,8,6,6,4,6,3,7,5,6,4,5,5,2,5,4,0,2,4,3,1,3,0,1,0,0,0,0,1,1,0,2,0,0,0,1,1,0,0,352,389,294,297,228,218,221,219,172,191,232,163,138,168,134,154,101,110,102,42,42,50,49,52,19,24,30,32,33,26,31,22,28,24,15,20,12,6,12,6,6,7,5,5,3,2,2,1,1,297,105,101,83,81,46,43,39,26,18,16,11,10,9,7,3,11,2,7,0,6,5,9,3,5,0,4,1,0,2,3,2,2,1,1,0,365,342,323,206,135,116,107,96,81,82,61,34,43,41,30,11,26,16,13,12,9,11,7,9,9,6,8,4,6,5,5,3,4,5,3,2,1,1,1
product data management,384,382,370,381,332,341,325,336,350,318,316,363,271,260,259,318,352,281,285,287,256,231,252,234,285,229,199,218,248,223,235,190,192,384,200,170,192,191,188,187,206,221,142,163,149,144,196,151,148,156,163,137,121,122,140,183,94,117,160,132,136,123,100,84,83,86,112,137,91,91,114,80,75,97,74,66,78,72,61,66,56,53,84,56,47,43,68,48,29,20,33,46,30,35,9,34,28,13,11,16,15,10,9,7,5,6,7,6,9,10,5,5,2,5,2,3,1,2,1,1,1,1,1,1,0,355,232,228,196,185,333,147,147,149,117,111,123,129,76,111,87,65,57,54,42,52,58,48,43,51,38,46,40,29,33,14,17,20,20,20,18,11,10,11,10,12,5,9,11,12,5,5,7,4,12,4,8,8,5,6,3,5,3,4,5,2,5,2,3,4,2,4,1,0,2,1,0,0,0,2,0,0,2,2,0,1,1,0,1,1,337,352,313,308,204,197,206,196,180,195,190,223,179,124,138,133,131,123,76,72,46,56,43,38,18,28,36,32,29,45,31,21,29,28,19,26,18,20,18,9,7,8,3,4,4,1,2,1,1,282,93,128,86,69,49,47,28,16,19,13,16,12,5,10,4,6,3,8,3,7,5,6,0,4,0,4,0,0,1,3,3,0,1,1,1,357,336,321,255,125,114,99,110,88,82,68,36,39,51,44,14,27,29,27,18,17,18,16,9,12,9,11,10,7,10,6,7,3,3,2,4,1,1,1
